"700" "540" "339" "696" "160" "371" "900" "305" "373" "516" "211" "434" "439" "771" "355" "692" "346" "370" "145" "140" "53" "760" "571" "482" "20" "225" "155" "710" "437" "471" "490" "484" "100" "581" "402" "94" "40" "352" "316" "255" "522" "390" "42" "615" "130" "651" "531" "230" "366" "530" "375" "950" "220" "481" "200" "372" "452" "438" "420" "404" "411" "350" "90" "110" "91" "344" "41" "310" "850" "750" "205" "630" "645" "395" "666" "325" "51" "663" "740" "705" "501" "703" "811" "732" "690" "812" "660" "450" "620" "780" "570" "368" "212" "367" "600" "359" "580" "781" "70" "343" "432" "338" "775" "341" "712" "541" "435" "590" "553" "820" "565" "436" "475" "93" "210" "385" "790" "920" "698" "770" "95" "135" "840" "910" "290" "731" "235" "150" "694" "360" "365" "517" "670" "625" "433" "830" "940" "451" "92" "520" "345" "626" "403" "115" "317" "349" "380" "572" "591" "652" "483" "461" "800" "702" "701" "860" "52" "616" "640" "713" "510" "500" "369" "165" "2" "704" "101" "816" "935" "347" "679" "560" "551" "552"
"700" 0 0 0 0 0 0 0 0 0 0 0 0 0 0 0 0 0 0 0 0 0 0 0 0 0 0 0 885.75616 0 0 0 0 0 0 0 0 0 0 0 0 0 0 0 0 0 0 0 0 0 0 0 0 0 0 0 0 0 0 0 0 0 0 0 0 0 0 0 0 0 974.72088 0 0 0 0 0 0 0 0 0 730.84008 0 0 0 0 0 0 0 0 0 0 0 0 0 0 0 0 0 0 0 0 0 0 0 0 0 0 0 0 0 0 0 0 0 0 0 0 0 0 0 4887.8926 0 0 0 0 0 0 0 0 0 0 0 0 0 0 0 0 0 0 0 0 0 0 0 0 0 0 0 0 0 0 0 0 0 148.122834 763.8905 0 0 0 0 0 0 0 0 0 0 0 0 0 0 0 0 0 0 0
"540" 0 0 0 0 0 0 0 0 0 0 0 0 0 0 0 0 0 0 0 0 0 0 0 0 0 0 0 13489.6934 0 0 0 0 0 0 0 0 0 0 0 0 0 0 0 0 0 0 0 0 0 0 0 0 0 0 0 0 0 0 0 0 0 0 0 0 0 0 0 0 417.26078 1340.24476 0 0 0 0 0 0 0 0 672.2655 0 0 0 0 3959.9122 0 0 0 0 0 0 0 0 0 0 0 0 0 0 0 0 0 0 0 0 0 0 0 0 0 1287.14844 0 0 0 0 0 0 0 0 0 0 0 0 0 0 0 0 0 0 0 0 0 0 0 0 0 1726.4685 0 0 0 0 0 0 0 0 0 0 0 0 0 0 0 0 614.16346 0 0 0 0 0 632.70972 47.273602 0 0 0 0 0 0 0 0 0 0 0 2310.393 0 0
"339" 0 0 0 0 0 0 0 0 0 0 0 0 0 0 175.746338 0 0 0 0 0 0 0 0 0 0 0 0 857.34644 0 0 0 0 0 0 0 0 0 0 0 0 0 0 0 0 0 0 0 0 0 0 0 0 0 0 0 0 0 0 0 0 0 1147.75672 0 0 0 0 0 0 0 42.376682 0 0 0 0 0 0 0 0 0 0 0 0 0 0 0 0 0 0 0 0 0 0 0 0 0 0 0 0 0 170.664902 0 0 0 0 0 0 0 0 0 0 0 0 0 0 0 0 0 0 0 0 0 0 0 0 0 0 0 0 0 0 177.669678 0 0 0 0 0 0 0 0 0 0 0 0 0 0 0 0 0 0 0 0 0 0 0 0 0 0 0 700.79004 0 0 0 0 0 0 0 0 0 0 104.171112 0 0 0 0
"696" 0 0 0 0 0 0 5799.27 0 0 0 0 0 0 492.88874 0 0 0 0 0 0 0 0 0 0 0 0 0 99665.594 0 0 0 0 0 0 0 0 0 0 0 0 0 0 0 0 0 0 0 0 0 0 0 0 0 0 0 0 0 0 0 0 0 0 0 0 0 0 0 0 5506.8946 72974.204 0 0 0 0 0 0 0 0 20911.068 281.49716 0 0 0 15865.582 0 0 0 0 0 601.9936 0 0 0 0 0 0 0 0.020603144 0 0 0 0 0 0 0 0 0 0 0 7898.0674 0 0 0 0 0 0 0 1679.55798 11651.4716 5114.3692 0 0 802.65394 0 0 0 0 0 0 0 0 0 0 0 0 13493.1826 0 0 0 0 0 0 0 0 0 0 0 0 0 0 0 0 7070.6822 0 755.84876 0 0 0 0 3605.1578 0 0 0 0 0 0 0 10180.9288 0 0 0 0 0 0
"160" 0 0.026803182 0 101.967232 0 0 269.73312 355.47446 0 0 1152.50562 0 0 13.8545026 0 0 0 10.6079598 0 0 0 0 0 0 0 1604.60998 0 17995.8008 0 0 0 0 0 0 0 0 0 0 191.91304 6773.0634 0 313.5805 0 0.022942386 0 18.3739528 0 3791.7304 0 0 235.2988 0 2432.846 0 962.54266 0 0 0 0 0 0 15.9068804 0 0 0 0 0 0 521.23138 1096.26954 213.62968 0.13912864 0.0069823764 0 230.78 2975.6828 0 13.9672118 2320.1584 0 0 0 0 1658.34534 0 0 2.1460382 0 24.106022 0 0 0 0 0 89.851478 0 0 0 0 0 0 0 0 0 0 0 0 0 0 557.48492 0 0 533.10962 0 2369.5684 345.50686 0 40.751808 0 129.835266 0 0 103.640884 0 265.34902 0 136.929092 0 2183.6752 89.533622 487.3713 0 40.480804 0 0 617.69866 0 0 0 0 0 0 0 0 0 0 461.5336 0 0 0.180358052 0 0 1526.30566 0 0 0 0 38.844646 310.90384 767.3974 0 0 0 1478.0481 0 0 0 383.98478 0 0 0.022199056 470.44382 0 0
"371" 0 0 0 0 0 0 0 0 0 0 0 0 0 0 0 0 0 0 0 0 0 0 0 0 0 0 0 838.34472 0 0 0 0 0 0 0 0 0 0 0 0 0 0 0 0 0 0 0 0 0 0 0 0 0 0 0 143.995026 0 0 0 0 0 0 0 0 0 0 0 0 0 0 0 413.08404 50.983154 0 0 0 0 0 227.75238 0 0 0 0 0 0 0 0 0 0 0 0 0 0 0 0 0 0 0 0 0 0 0 0 0 0 0 0 0 0 0 0 0 0 0 0 0 0 0 0 0 0 0 0 0 0 0 0 0 0 0 0 0 0 0 0 0 0 0 0 0 0 0 0 0 0 0 0 0 0 0 0 0 0 0 0 0 0 0 464.71072 0 0 0 0 0 0 0 0 0 0 0 0 0 0 0
"900" 0 0 0 0 0 0 0 0 0 0 0 0 0 0 0 0 0 0 0 0 0 0 0 0 0 0 0 0 0 0 0 0 0 0 0 0 0 0 0 0 0 0 0 0 0 0 0 0 0 0 0 311.9537 0 0 0 0 0 0 0 0 0 0 0 0 0 0 0 0 0 0 0 0 0 0 0 0 0 0 0 0 0 0 0 0 0 0 0 0 0 0 0 0 0 0 0 0 0 0 0 0 0 0 0 0 0 0 0 0 0 0 0 0 0 0 0 0 0 15587.3956 0 0 0 0 0 7372.017 0 0 0 0 0 0 0 0 0 0 0 0 81.05693 0 0 0 0 0 0 0 0 0 0 0 0 0 0 0 0 0 0 0 0 0 0 0 0 0 0 0 0 0 0 0 0 0 0 0 0 0
"305" 0 0 0 328.091 0 0 179.500794 0 989.6632 0 0 0 0 268.1514 942.24018 0 1274.81336 94.428398 0 0 0 0 0 0 0 0 0 12976.2032 0 0 0 0 0 0 0 0 0 101.622596 15485.0986 0 0 1616.95556 0 749.8534 0 183.210006 0 0 89.400398 0 1086.76562 0 0 0 0 0 0 0 0 0 0 383.8876 0 0 0 1226.07714 0 10424.9864 226.584 1033.43396 0 33.013 207.5128 0 287.874 23141.31 0 0 1958.44702 4350.1876 0 0 0 1564.125 662.48902 0 0 0 1595.4978 75.979202 0 192.354202 0 78.0186 175.869202 65.008598 0 0 0 132.265198 0 0 0 0 0 0 0 0 0 482.26902 0 0 869.7522 0 0 302.70542 0 37.737 5.0758 219.1068 0 0 193.981002 0 0 0 0 0 7.8021998 3096.694 5588.4204 0 1153.63818 0 0 130.2818 0 0 0 0 0 0 0 0 9733.705 5599.5566 3581.1966 0 0 0 0 0 847.97198 0 4.4531998 0 0 373.6446 3644.7426 1010.3634 0 0 1379.49976 0 0 6.4094 0 5019.4052 0 0 0 680.15618 0 0
"373" 0 0 0 0 0 0 0 0 0 0 0 0 0 0 0 0 0 0 0 0 0 0 0 0 0 0 0 1521.00696 0 0 0 0 0 0 0 0 0 0 0 0 0 0 0 0 0 0 0 0 0 0 0 0 0 0 0 0 0 0 0 0 0 0 0 0 0 0 0 0 42.69149 156.410248 0 377.02228 1.2960819 0 364.3048 0 0 0 294.84888 598.82642 0 0 0 468.84568 0 0 0 0 1.5595746 0 0 0 0 0 0 0 0 0 0 0 0 0 0 0 0 0 0 0 0 0 0 0 0 0 0 0 0 0 0 0 0 0 0 0 0 0 0 0 0 0 0 0 0 0 0 256.55188 0 0 0 0 0 0 0 0 0 0 0 0 0 0 0 0 41.09459 0 0 0 0 1.38242066 4564.6054 16.1436004 0 0 0 0 0 0 0 0 0 0 0 0 0 0
"516" 0 0 0 0 0 0 0 0 0 0 0 0 0 0 0 0 0 0 0 0 0 0 0 0 0 0 0 0 0 0 0 0 0 0 0 0 0 0 0 0 0 0 0 0 0 0 0 0 0 0 0 0 0 0 0 0 0 0 0 0 0 0 0 0 0 0 0 0 0 0 0 0 0 0 0 0 0 0 0 0 0 0 0 0 0 0 0 0 0 0 0 0 0 0 0 0 0 0 0 0 0 0 0 0 0 0 0 0 0 0 0 0 0 0 0 0 0 0 0 0 0 0 0 0 0 0 0 0 0 0 0 0 0 0 0 0 0 0 0 0 0 0 0 0 0 0 0 0 0 0 0 0 0 0 0 0 0 0 0 0 0 0 0 0 0 0 0 0 0 0 0 0 0 0
"211" 1.85940004 1465.35218 0 6432.1016 0 119.695198 2805.4144 5583.852 55.446602 0 0 5.3362002 51.251998 2329.9006 2503.4624 232.2642 55.1366 412.63378 0 0 0 0 4545.0366 0 0 11417.2042 0 38339.406 1225.00782 588.73498 632.60278 55.0798 0 0 0 0 0 254.2274 8660.956 119169.626 0 3713.3926 0 4082.7242 0 629.2904 0 16317.1328 777.1222 386.0434 5449.3466 0 92364.086 110.9244 0 0 501.9032 45.988202 0 0 0 960.96918 0 0 0 244.7188 0 3498.3194 2844.6648 10687.6162 0 226.705 14.8948002 132.783798 4488.686 31517.698 0 65.8508 13541.6914 918.03662 119.760598 0 437.305 5580.0938 293.4562 0 95.0038 0 19.8155994 634.92218 654.81 971.76422 6652.7524 317.7196 1630.31616 0 333.0126 0 0 155.290406 12.5713996 104.9906 0 0 0 677.94738 4.6550002 154.5934 276.09522 2166.3326 880.44018 0.157000006 471.07418 0 0 12708.5596 0 712.46942 156.505402 935.03778 0 0 417.867 0 9857.2276 0 3350.3548 0 2546.5102 2112.9808 25309.972 0 3871.0938 0 123.616996 10550.1162 0 385.01458 0 0 0 0 0 0 2186.6058 566.09162 16990.496 0 0 0 0 36.936798 3488.855 0 0 0 0 778.41882 8688.8672 2626.1582 323.9382 159.833602 1068.82714 0 0 0 0 3405.1658 0 0 6.2294002 5215.8414 200.0744 261.8908
"434" 0 0 0 0 0 0 0 0 0 0 0 0 0 0 0 0 0 0 0 0 0 0 0 0 0 0 0 7694.7984 315.42356 0 0 0 0 0 0 0 0 0 0 0 0 0 0 0 0 0 0 0 0 0 0 0 0 0 0 0 320.1135 0 0 0 0 0 0 0 0 0 0 0 468.85898 1166.79822 0 0 0 0 0 0 0 0 0 0 0 0 0 0 0 0 0 0 0 0 0 0 0 0 0 0 0 0 0 0 0 0 0 0 0 0 0 0 0 1094.599 0 0 187.701812 0 0 0 0 0 0 280.69772 0 0 0 0 0 0 0 0 0 0 0 0 0 0 0 0 0 0 0 0 0 0 0 0 0 0 0 0 0 0 0 221.47106 1108.67822 0 0 0 0 0 219.1547 0 0 0 0 0 0 0 0 0 0 0 0 0 0 0
"439" 0 0 0 0 0 0 0 0 0 0 0 0 0 0 0 0 0 0 0 0 0 0 0 0 0 0 0 285.45928 0 0 0 0 0 0 0 0 0 0 0 0 0 0 0 0 0 0 0 0 0 0 0 0 0 0 0 0 249.60984 0 0 0 0 0 0 0 0 0 0 0 0 250.77938 0 0 0 0 0 0 0 0 0 0 0 0 0 0 0 0 0 0 0 0 0 0 0 0 0 0 0 0 0 0 0 0 0 0 0 0 0 0 0 0 0 0 0 0 0 0 0 0 0 0 0 0 0 0 0 0 0 0 0 0 0 0 0 0 0 0 0 0 0 0 0 0 0 0 0 0 0 0 0 0 0 411.9497 0 0 0 0 0 0 0 0 0 0 0 0 0 0 0 0 0 0 0 0 0 0
"771" 0 0 0 0 0 0 1094.6482 0 0 0 0 0 0 0 0 0 0 0 0 0 0 0 0 0 0 0 0 0 0 0 0 0 0 0 0 0 0 0 0 0 0 0 0 0 0 0 0 0 0 0 0 0 0 0 0 0 0 0 0 0 0 0 0 0 0 0 0 0 2558.491 0 0 0 0 0 0 0 0 0 0 0 0 0 0 0 0 0 0 0 0 171.983184 0 0 0 0 0 0 0 0 0 0 0 0 187.786362 0 0 0 0 0 0 3101.397 0 0 0 0 0 0 0 248.99996 0 0 0 0 159.977676 0 0 0 0 0 0 0 0 0 0 0 0 6073.9498 0 0 0 0 0 0 0 0 0 0 0 0 0 0 0 0 1601.15564 0 0 0 0 0 0 0 0 0 0 0 0 0 0 641.22974 0 0 0 0 0 0
"355" 0 0 0 132.0522 0 0 0 0 0 0 0 0 0 0 0 0 0 0 0 0 0 0 0 0 0 0 0 2444.9698 0 0 0 0 0 0 0 0 0 0 0 0 0 281.332 0 0.3964 0 410.7688 0 0 0 0 128.664794 0 0 0 0 548.95942 0 0 0 0 0 0 0 0 0 0 0 0 0 302.962 0 82.9346 0 0 182.719192 0 0 220.3662 218.5424 0 0 0 0 214.8886 0 0 46.395 0 186.173004 0 0 114.9636 0 0 106.814002 80.301598 0 0 0 0 0 0 0 0 0 0 0 0 0 0 0 0 0 0 0 43.953602 0 0 0 0 0 0 0 0 0 0 0 0 0 4739.8012 9930.4824 0 0 0 0 55.359798 0 0 0 0 0 0 0 0 0 0 397.4522 0 0 48.1586 0 0 0 0 0 0 0 36.3778 3822.345 283.37 0 0 1386.3186 0 0 0 0 134.832794 0 0 0 59.1806 0 0
"692" 0 0 0 895.33484 0 0 1442.62548 0 0 0 0 0 0 0 0 0 0 0 0 0 0 0 0 0 0 0 0 2895.5988 0 0 0 0 0 0 0 0 0 0 0 0 0 0 0 0 0 0 0 0 0 0 0 0 0 0 0 0 0 0 0 0 0 0 0 0 0 0 0 0 127.344536 1044.40174 0 0 0 0 0 0 0 0 1879.01624 0 0 0 0 605.49726 0 0 0 0 0 0 0 0 0 0 0 0 0 0 0 0 0 0 0 0 0 0 0 0 0 144.141372 0 0 0 0 0 0 0 0 284.6713 225.86928 0 0 0 0 0 0 0 0 465.71756 0 0 0 0 0 0 350.90512 0 0 0 0 0 0 0 0 0 0 0 0 0 0 0 0 523.151 0 0 0 0 0 0 154.002198 0 0 0 0 0 0 0 0 0 0 0 0 0 0
"346" 0 0 0 0 0 0 0 0 0 0 0 0 0 0 120.65966 0 0 0 0 0 0 0 0 0 0 0 0 672.32128 0 0 0 0 0 0 0 0 0 0 0 0 0 0 0 0 0 0 0 0 0 0 0 0 0 0 0 0 0 0 0 0 0 211.33486 0 0 0 0 0 0 0 0 0 0 0 0 0 0 0 0 0 0 0 0 0 0 0 0 0 0 0 0 0 0 0 0 0 0 0 0 0 0 0 0 0 0 0 0 0 0 0 0 0 0 0 0 0 0 0 0 0 0 0 0 0 0 0 0 0 0 0 288.7731 1217.9795 0 0 0 0 0 0 0 0 0 0 0 0 0 0 2190.7186 0 0 0 0 0 0 0 0 0 0 0 0 709.39222 0 0 0 0 0 0 0 0 0 0 0 0 0 0 0
"370" 0 0 0 0 0 0 0 0 17.398199 0 0 0 0 0 0 0 0 0 0 0 0 0 0 0 0 0 0 4750.3838 0 0 0 0 0 0 0 0 0 0 0 0 0 272.37342 0 0 0 0 0 0 0 0 247.2804 0 0 0 0 0 0 0 0 0 0 0 0 0 0 0 0 0 48.2906 375.2464 0 19.486 0 0 211.8418 0 0 0 463.9916 587.5492 0 12.9300004 0 287.0362 0 0 0 0 0 0 0 0 0 0 102.987998 0 0 0 0 0 0 0 0 0 0 0 0 0 0 134.438796 0 0 0 0 0 377.53202 0 0 0 0 0 0 0 0 0 0 0 0 0 0 0 0 0 0 0 48.268398 0 0 0 0 0 0 0 0 0 0 250.095 0 0 0 0 0 170.196396 0 12.4122 0 0 0 926.1482 237.3232 0 0 0 0 0 71.690598 0 121.5074 0 0 0 0 0 0
"145" 0 0 0 0 2305.1292 0 0 0 0 0 96.151162 0 0 0 0 0 0 0 0 0 0 0 0 0 0 0 872.15564 3648.0372 0 0 0 0 0 0 0 0 0 0 0 421.9649 0 0 0 0 0 0 0 502.47992 0 0 0 0 373.69906 0 137.487198 0 0 0 0 0 0 0 0 0 0 0 0 0 0 349.55242 0 0 0 0 0 377.88288 0 0 1023.63556 0 0 0 0 348.9656 0 0 0 0 0 0 0 0 0 0 0 0 0 0 0 0 0 0 0 0 0 0 0 0 0 0 0 0 0 0 171.529862 0 0 0 0 0 0 0 0 0 0 0 0 188.513916 0 0 0 0 0 0 0 239.82614 0 0 0 0 0 0 0 0 0 0 386.86738 0 0 0 0 0 231.22698 0 0 0 0 0 0 0 0 0 0 0 0 0 0 0 0 0 0 0 0 0
"140" 0 2441.5948 0 1103.1101 31114.806 0 2401.4008 2478.3178 0.50863778 0 4069.5686 2.0056278 0 447.191 82.449714 132.660324 0 1690.6853 8395.9356 0 0 0 0 0 0 6136.1128 8853.0938 84134.828 102.8479 0 0 0 0 0 0 0 0 0 1221.1576 30441.88 0 1842.60718 0 6419.8256 0 321.09192 0 8602.4424 0 0 1381.5149 0 12551.3086 0 7166.2954 9.2325248 242.73312 0 0.074890196 0 2428.2278 150.042054 0 0 0 45.42189 0 1071.59802 3949.5998 14597.5704 1348.2821 11.3031444 2290.4726 39.9076 2099.0786 13904.8496 0 21.187398 12984.502 218.41958 0 0 0 18757.6016 2651.7858 0 31.821538 0 0.0373098 143.084518 0 0 0 0 2748.4158 0 0 0 0 0 0 0 0 0 0 0 0.30305218 0 0 4179.9252 0 0 20889.778 0 6969.4824 2427.3262 0 296.11554 534.90258 203.29604 0 0 651.87842 0 1462.63684 0 2411.7702 2662.3218 1461.55456 1073.22082 6469.1904 0 7258.3608 0 0 1768.87012 0 0 0 0 0 0 0 0 310.58822 163.283218 3577.4476 0 0 2.5510296 0 0 4868.2724 0 0 0 0 159.718522 1940.88562 6278.0918 0 0 313.11854 4220.629 0 0 0 3477.2234 0 0 0.0058542002 1610.14184 0 0
"53" 0 0 0 0 0 0 0 0 0 0 0 0 0 0 0 0 0 0 0 0 0 0 0 0 0 0 0 0 0 0 0 0 0 0 0 0 0 0 0 0 0 0 0 0 0 0 0 0 0 0 0 0 0 0 0 0 0 0 0 0 0 0 0 0 0 0 0 0 0 0 0 0 0 0 0 0 0 0 0 0 0 0 0 0 0 0 0 0 0 0 0 0 0 0 0 0 0 0 0 0 0 0 0 0 0 0 0 0 0 0 0 0 0 0 0 0 0 0 0 0 0 0 0 0 0 0 0 0 0 0 0 0 0 0 0 0 0 0 0 0 0 0 0 0 0 0 0 0 0 0 0 0 0 0 0 0 0 0 0 0 0 0 0 0 0 0 0 0 0 0 0 0 0 0
"760" 0 0 0 0 0 0 0 0 0 0 0 0 0 0 0 0 0 0 0 0 0 0 0 0 0 0 0 0 0 0 0 0 0 0 0 0 0 0 0 0 0 0 0 0 0 0 0 0 0 0 0 0 0 0 0 0 0 0 0 0 0 0 0 0 0 0 0 0 0 0 0 0 0 0 0 0 0 0 0 0 0 0 0 0 0 0 0 0 0 0 0 0 0 0 0 0 0 0 0 0 0 0 0 0 0 0 0 0 0 0 0 0 0 0 0 0 0 0 0 0 0 0 0 0 0 0 0 0 0 0 0 0 0 0 0 0 0 0 0 0 0 0 0 0 0 0 0 0 0 0 0 0 0 0 0 0 0 0 0 0 0 0 0 0 0 0 0 0 0 0 0 0 0 0
"571" 0 0 0 0 0 0 0 0 0 0 0 0 0 0 0 0 0 0 0 0 0 0 0 0 0 0 0 383.92324 0 0 0 0 0 0 0 0 0 0 0 0 0 0 0 0 0 0 0 0 0 0 0 0 0 0 0 0 0 0 0 0 0 0 0 0 0 0 0 0 0 101.229424 0 0 0 0 0 0 0 0 0 0 0 0 0 0 0 0 0 0 0 0 0 0 0 0 0 0 0 0 0 0 0 0 0 0 0 0 0 0 0 0 0 0 0 0 0 0 0 0 0 0 0 0 0 0 0 0 0 0 0 0 0 0 0 0 0 35.842376 0 0 0 0 0 0 0 0 0 0 0 0 0 0 0 0 0 0 0 0 0 0 0 0 0 0 0 0 0 0 0 0 0 0 0 0 0 0
"482" 0 0 0 0 0 0 0 0 0 0 0 0 0 0 0 0 0 0 0 0 0 0 0 0 0 0 0 0 0 0 0 0 0 0 0 0 0 0 0 0 0 0 0 0 0 0 0 0 0 0 0 0 0 0 0 0 0 0 0 0 0 0 0 0 0 0 0 0 0 0 0 0 0 0 0 0 0 0 0 0 0 0 0 0 0 0 0 0 0 0 0 0 0 0 0 0 0 0 0 0 0 0 0 0 0 0 0 0 0 0 0 0 0 0 0 0 0 0 0 0 0 0 0 0 0 0 0 0 0 0 0 0 0 0 0 0 0 0 0 0 0 0 0 0 0 0 0 0 0 0 0 0 0 0 0 0 0 0 0 0 0 0 0 0 0 0 0 0 0 0 0 0 0 0
"20" 0 2346.181 0 172.747056 3873.4172 205.34406 2871.3892 3346.2932 949.0459 0 4115.25 0 0 2443.6838 239.35038 0 0 96.644096 524.50268 6896.1666 25.552668 0 0.37995934 0 0 7745.7442 3434.1238 117124.876 1032.28918 224.8807 0 0 1774.38378 0 0 1150.75306 1117.83288 0 992.47656 31778.318 0 2137.337 3275.3496 2652.9714 554.43688 1228.4624 0 4371.875 189.498596 48.915336 2798.4278 0 11770.254 0 18212.6582 0 46.880234 0 0 0 0 369.8475 1084.20886 668.92468 487.37726 0 0 1090.9148 3007.5002 6307.541 2972.024 0 3718.4642 127.328208 2201.353 12757.2412 526.25286 124.442428 26420.626 949.69636 56.329856 0 1649.37988 14432.7598 7.5591074 0 49.160442 0 0 507.11654 0 463.39068 326.88032 0 616.6466 0 185.90007 0 57182.66 0 0 91.137748 0 0 0 0 0 0 0 4808.8946 0 0 868.27808 696.9804 7372.856 1549.41492 0 1221.79334 111.699708 629.70606 0 6026.2114 2463.0118 0 3176.3372 0 948.3814 0 119.005798 840.19178 1442.8258 0 5314.0532 142.187744 0 2302.4194 0 0 176.696212 0 0 0 0 281.8715 630.04896 249.96036 3625.5212 0 0 0 0 0 5691.1924 0 0 0 1108.97144 147.970062 2826.5306 9205.5176 87.08139 0 198.34909 206.1138 0 0 69.166778 5629.5698 0 0 0 2200.1268 0 0
"225" 0 0 0 1421.50244 0 8.8512296 461.63858 19138.789 740.13068 0 0 0 0 718.6543 485.73126 65.609528 194.554596 22.020098 0 0 0 0 0 0 0 0 0 31801.868 0 0 0 0 0 0 0 0 0 0 4958.2808 113552.868 0 1810.5243 0 420.79422 0 213.40246 0 10064.5576 101.657554 0 1443.64112 0 0 0 0 0 161.191178 0 0 0 0 341.47128 0 0 0 299.24914 0 2368.8316 661.68652 3537.3332 0 66.051232 427.08734 63.817246 1375.2152 39538.066 0 12.9492112 6833.7866 1661.52112 86.159362 0 210.83064 1356.88928 56.787242 0 448.4696 0 2294.1804 367.57902 0 282.64548 0 108.945716 359.3888 0 0 0 0 166.203262 0 0 0 0 0 0 0 0 0 1302.39514 0 0 1699.07458 0 0 587.42462 0 208.6951 8.1249828 235.74618 0 0 313.04776 0 3818.8826 0 1787.97412 0 335.18612 1343.81128 1772.60034 0 313.09072 0 0 2926.476 0 0 0 0 0 0 0 0 1912.47706 1163.35694 2742.8942 0 0 0 0 0 2234.4506 0 0 0 0 334.30868 2883.3488 2048.6032 0 0 200.53822 0 0 6.6218042 0 2082.4366 0 0 0 1219.07666 0 0
"155" 0 773.38702 0 32.600536 5828.0084 0 587.64666 485.34452 0 0 790.6842 0 0 0 0 1.2376548 0 0 0 0 0 0 0 0 0 569.29358 0 30387.864 0 0 0 0 0 0 0 0 0 0 0 5227.8028 0 531.35894 0 0 0 0 0 2896.9844 0 0 574.01496 0 3107.8248 0 1704.1742 0 0 0 0 0 0 47.091614 0 0 0 0 0 0 483.30018 1364.76586 268.15748 0 0 0 242.04008 2538.4222 0 0 4722.4096 0 0 0 0 4615.084 0 0 0 0 0 0 0 0 0 0 0 0 0 0 0 0 0 0 0 0 0 0 0 0 0 520.02662 0 0 0 0 873.12164 209.84822 0 260.27198 0 164.073364 0 0 0 0 195.218872 0 290.31018 0 0 0 119.181976 0 245.61114 0 0 119.852044 0 0 0 0 0 0 0 0 0 0 879.43414 0 0 0 0 0 1619.7998 0 0 0 0 0 468.55808 799.49708 0 0 0 348.61652 0 0 0 761.34064 0 0 0 152.066528 0 0
"710" 0 0 0 0 0 0 184754.61 0 0 0 0 0 0 2029.3436 0 0 0 0 0 0 0 0 0 0 0 0 0 0 0 0 0 0 0 0 0 0 0 0 0 0 0 0 0 0 0 0 0 0 0 0 0 119.377662 0 0 0 0 0 0 0 0 0 0 0 0 0 0 0 0 54334.414 57680.012 0 0 0 0 0 0 0 0 401261.28 0 0 0 1212.2478 426362.04 0 3529.258 0 0 0 781.85456 0 0 0 0 0 0 0 6.4567862 0 0 0 0 31286.958 0 10145.6036 0 0 0 0 138070.626 0 0 0 0 0 0 101.535446 20212.962 0 6170.2584 0 0 55357.55 2838.6132 0 5689.227 0 0 0 0 0 0 0 0 0 128946.29 948.73914 0 0 0 0 0 0 0 0 0 0 0 0 0 0 0 99410.648 0 0 0 0 0 0 382573.38 0 0 0 0 0 0 0 50901.938 14.999053 0 0 0 0 0
"437" 0 0 0 0 0 0 0 0 0 0 0 0 73.490196 0 0 0 0 0 0 0 0 0 0 0 0 0 0 2741.8894 0 7.282919 0 0 0 0 0 0 0 0 0 0 0 0 0 0.95134782 0 0 0 0 0 0 0 0 0 2.8489602 0 0 150.751694 6.2407876 0 0 0 0 0 0 0 0 0 0 228.64178 634.10132 0 0 0 0 0 0 0 0 0 0 0 0 0 481.0657 0 0 0 6.6359834 0 0 0 0 0 0 311.21826 0 0 0 0 0 0 0 0 0 0 0 0 0 0 114.461274 0 0 5343.6196 0 0 0 0 0 0 0 0 0 0 0 0 0 0 0 0 0 0 0 0 0 0 0 0 0 0 0 0 0 0 0 0 0 0 0 0 0 0 34.060502 741.93536 0 0 0 0 0 204.97452 0 0 0 0 0 0 0 0 0 0 0 0 241.7987 0 0
"471" 0 0 0 0 0 0 0 0 0 0 0 0 0 0 0 0 0 0 0 0 0 0 0 0 0 0 0 4262.6226 0 0 0 0 0 0 0 0 0 0 0 0 0 0 0 0 0 0 0 0 0 0 0 0 0 21.329924 0 0 0 0 0 0 0 0 0 0 0 0 0 0 0 507.77902 0 0 0 0 0 0 0 0 0 0 0 0 0 0 0 0 0 0 0 0 0 0 0 0 0 0 0 0 0 0 0 0 0 0 0 0 0 0 0 180.072114 0 0 1593.55408 0 0 0 0 0 0 0 0 0 0 0 0 0 0 0 0 0 0 0 0 0 0 0 0 0 0 0 0 0 0 0 0 0 0 0 0 0 0.81342554 0 492.50696 0 0 0 0 0 243.60516 0 0 0 0 0 0 0 0 0 0 0 0 0 0 0
"490" 0 0 0 0 0 0 0 0 0 0 0 0 0 0 0 0 0 0 0 0 0 0 0 0 0 0 0 3093.1224 0 0 0 0 0 0 0 0 0 0 0 0 0 0 0 0 0 0 0 0 0 0 0 0 0 0 0 0 0 0 0 0 0 0 0 0 0 0 0 0 0 485.36738 0 0 0 0 0 0 0 0 0 0 497.3749 0 0 56.565124 0 0 0 0 0 0 0 0 0 0 0 0 0 0 0 0 0 0 0 0 0 0 0 0 0 24.93325 0 0 0 0 0 0 0 0 0 0 0 0 0 0 0 0 0 0 0 0 0 0 0 0 0 0 0 0 0 0 0 0 0 0 0 0 0 0 0 0 0 0 0 0 0 0 0 0 90.3144 0 0 393.71384 0 0 0 0 0 0 0 0 0 2731.2416 2433.258 740.01508
"484" 0 0 0 0 0 0 4.1044956 0 0 0 0 0 0 0 0 0 0 0 0 0 0 0 0 0 0 0 0 2207.0234 0 0 0 0 0 0 0 0 0 0 0 0 0 0 0 0 0 0 0 0 0 0 0 0 0 0 0 0 0 0 0 0 0 0 0 0 0 0 0 0 97.012084 495.90918 0 0 0 0 0 0 0 0 0 0 0 0 0 118.935348 0 0 0 0 0 0 0 0 0 0 0 0 0 0 0 0 0 0 0 0 0 0 0 0 0 138.396088 0 0 0 0 0 0 0 0 0 0 0 0 0 0 0 0 0 0 0 0 0 0 0 0 0 0 0 0 0 0 0 0 0 0 0 0 0 0 0 0 0 0 175.40242 0 0 0 0 0 214.72024 0 0 0 0 0 0 0 0 0 0 0 0 327.63208 0 0
"100" 0 0 0 35.288318 2018.6672 0 88.683242 362.31372 0 0 520.6538 0 0 0 0 0 0 0 1103.23218 4931.1182 0 0 0 0 0 1038.474 1858.41602 23742.746 5.7202482 0 0 0 0 0 0 0 0 0 0 5061.955 0 248.0618 0 0 1836.58312 0 0 1933.7168 0 0 298.64484 0 3707.1004 0 1196.96264 0 0 0 0 0 0 0 0 0 0 0 0 0 452.3108 2737.5932 351.52612 0 0 0 656.41436 1964.54394 0 0 3050.8924 0 0 0 0 3000.9568 0 0 0 0 0 0 0 0 0 0 93.135788 0 0 0 0 0 0 0 0 0 0 0 0 0 0 451.48768 0 0 0 0 588.41894 94.635658 0 0 0 0 0 2409.6214 0 0 263.74398 0 200.55532 0 0 0 808.33532 0 0 0 0 292.29922 0 0 0 0 0 0 0 0 0 0 311.9339 0 0 0 0 0 687.28418 0 0 0 0 0 409.3962 1240.5061 0 0 0 157.024918 0 0 879.50934 875.64454 0 0 0 83.429832 0 0
"581" 0 0 0 0 0 0 0 0 0 0 0 0 0 0 0 0 0 0 0 0 0 0 0 0 0 0 0 0 0 0 0 0 0 0 0 0 0 0 0 0 0 0 0 0 0 0 0 0 0 0 0 0 0 0 0 0 0 0 0 0 0 0 0 0 0 0 0 0 0 0 0 0 0 0 0 0 0 0 0 0 0 0 0 0 0 0 0 0 0 0 0 0 0 0 0 0 0 0 0 0 0 0 0 0 0 0 0 0 0 0 0 0 0 0 0 0 0 0 0 0 0 0 0 0 0 0 0 0 0 0 0 0 0 0 0 0 0 0 0 0 0 0 0 0 0 0 0 0 0 0 0 0 0 0 0 0 0 0 0 0 0 0 0 0 0 0 0 0 0 0 0 0 0 0
"402" 0 0 0 0 0 0 0 0 0 0 0 0 0 0 0 0 0 0 0 0 0 0 0 0 0 0 0 0 0 0 0 0 0 0 0 0 0 0 0 0 0 0 0 0 0 0 0 0 0 0 0 0 0 0 0 0 0 0 0 0 0 0 0 0 0 0 0 0 0 0 0 0 0 0 0 0 0 0 0 0 0 0 0 0 0 0 0 0 0 0 0 0 0 0 0 0 0 0 0 0 0 0 0 0 0 0 0 0 0 0 0 0 0 0 0 0 0 0 0 0 0 0 0 0 0 0 0 0 0 0 0 0 0 0 0 0 0 0 0 0 0 0 0 0 0 0 0 0 0 0 0 0 0 0 0 0 0 0 0 0 0 0 0 0 0 0 0 0 0 0 0 0 0 0
"94" 0 0 0 0 346.59094 0 6.3307514 0 0 0 77.855362 0 0 0 0 0 0 0 0 546.87426 0 0 0 0 0 176.3974 570.53106 2676.8242 0 0 0 0 581.87744 0 0 0 0 0 0 444.5604 0 0 0 0 0 0 0 401.27362 0 0 0 0 123.118378 0 116.644218 0 0 0 0 0 0 0 0 0 0 0 0 0 0 206.23124 0 0 0 0 856.24 399.60492 0 0 1086.88672 0 0 0 0 533.59064 0 0 0 0 0 0 0 0 0 0 0 0 0 0 0 0 0 0 0 0 0 0 0 0 0 130.719802 0 0 0 0 208.40226 0 0 0 0 0 119.72638 156.825028 0 0 0 0 0 0 0 0 278.9392 0 0 0 0 60.678574 0 0 0 0 0 0 0 0 0 0 0 0 0 0 0 0 271.33798 0 0 0 0 0 107.642692 311.2956 0 0 0 0 0 0 96.639762 0 0 0 0 0 0 0
"40" 0 0 0 0 676.53614 0 0 0 0 0 0 0 0 0 0 0 0 0 0 1117.11194 0 0 0 0 0 0 0 2363.6538 0 0 0 0 0 0 0 0 0 0 0 522.90876 0 0 94.24189 529.92884 0 0 0 1990.63038 0 0 0 0 460.36518 0 67.505898 0 150.06839 0 0 0 0 0 0 0 0 0 0 0 0 0 0 0 0 0 0 659.95008 0 0 0 0 0 0 0 0 0 0 0 0 199.19197 0 0 0 0 0 0 0 0 0 797.0398 0 0 0 0 0 0 0 0 0 0 0 0 0 0 0 310.24048 0 0 0 0 0 0 0 0 0 0 0 0 0 0 0 222.60952 0 0 0 0 0 0 0 0 0 0 0 0 0 0 0 0 0 0 0 0 0 0 0 0 0 0 0 0 0 0 0 0 0 0 0 9497.0498 0 0 0 0 0 0 0
"352" 0 0 0 0 0 0 0 0 0 0 0 0 0 0 121.112998 0 0 0 0 0 0 0 0 0 0 0 0 614.7984 0 0 0 0 0 0 0 0 0 0 0 0 0 0 0 0 0 70.866996 0 0 0 0 0 0 0 0 0 0 0 0 0 0 0 0 0 0 0 0 0 0 0 0 0 0 0 0 1289.32776 0 0 0 0 0 0 0 0 42.9982 0 0 0 0 0 0 0 0 0 0 0 0 0 0 0 0 0 0 0 0 0 0 0 0 0 0 0 0 0 0 0 0 0 0 0 0 0 0 0 0 0 0 0 0 0 96.754204 0 0 0 0 0 0 0 0 0 0 0 0 0 0 0 0 0 0 0 0 0 0 0 0 0 0 0 0 0 0 0 0 0 0 0 0 0 0 0 0 0 0 0 0
"316" 0 0 0 195.860794 0 0 199.2818 0 3753.3632 0 0 0 0 214.3878 602.63958 0 203.3526 265.4426 0 0 0 0 0 0 0 0 0 22049.74 0 0 0 0 0 0 0 0 0 174.812194 0 0 0 2018.13 0 3.8632 0 112.756402 0 0 131.606598 0 862.5672 0 0 0 0 0 0 0 0 0 0 474.5528 0 0 0 273.8906 0 0 228.664 862.41138 0 0 0 0 406.5744 11794.4688 0 0 2283.9144 1525.7472 0 0 0 3862.4036 0 0 0 0 0 0 0 569.96838 0 250.1808 33.5564 0 0 0 0 92.605598 0 0 0 0 0 0 0 0 0 831.72858 0 0 0 0 0 157.042008 0 50.5416 0 138.436204 0 0 160.598008 0 0 0 0 0 0.57700002 2826.5612 11230.5196 0 19.5396004 0 0 1254.71142 0 0 0 0 0 0 0 0 20583.958 1636.20936 2681.1644 0 0 0 0 0 1725.24244 0 0 0 0 113.477204 2006.4322 1671.40478 0 0 2096.1506 0 0 0 0 320.3368 0 0 0 310.54502 0 0
"255" 60.0228 357.55622 127.628998 1135.90906 0 273.525 3362.6912 102752.422 6317.7598 0 0 22.6458 0 7256.6088 6648.7612 67.6772 1324.48156 1292.81556 0 0 0 0 0 0 0 0 0 162262.454 1417.75854 73.580398 71.970398 45.7626 0 0 0 0 0 454.4184 105577.492 0 0 35376.484 0 6667.1582 0 3806.3104 0 0 1469.95324 433.5108 18461.5372 0 0 34.736198 0 247.7218 394.3446 243.631 0 0 0 4357.4766 0 0 0 2280.6152 0 58248.746 7137.5064 15368.878 0 736.4878 1143.28784 319.7004 3253.2912 130647.812 0 39.240398 35204.364 11540.8476 300.1282 32.335602 1912.15662 17683.7128 341.949 181.028 107.661796 159.337204 4479.0512 1034.5094 0 4274.1988 0 1671.8158 1568.0852 334.7454 218.5404 0 0 3958.6534 6.0616002 968.36022 256.57502 42.4304 18.6079998 72.591004 131.257996 45.999802 0 12495.1152 212.466 0 10333.711 0 0 47384.164 0 1104.05604 100.815002 2926.5532 0 0 6114.6538 771.19538 110952.954 0 0 0 292.6444 25361.528 94939.938 0 2356.8444 34.998402 23.682 6038.625 0 0 0 0 0 0 0 0 36296.046 13131.0976 36494.246 0 0 16.9386006 0 0 9703.664 0 289.3588 0 0 3868.3334 31426.052 14559.4502 416.0512 242.2498 3500.2458 0 0 39.092 0 13145.5596 0 29.8792 12.0713996 10389.917 26.5846 123.053398
"522" 0 0 0 0 0 0 0 0 0 0 0 0 0 0 0 0 0 0 0 0 0 0 0 0 0 0 0 2493.2324 0 0 0 0 0 0 0 0 0 0 0 0 0 0 0 0 0 0 0 0 0 0 0 0 0 0 0 0 0 0 0 0 0 0 0 0 0 0 0 0 675.02118 653.65594 0 0 0 0 0 0 0 0 0 0 0 0 0 0 0 0 0 0 0 0 0 0 0 0 0 0 0 0 0 0 0 0 0 0 0 0 0 0 0 0 0 0 0 0 0 0 0 0 0 330.25992 0 0 0 0 0 0 0 0 0 0 0 0 1384.83996 0 0 0 0 0 0 0 0 0 0 0 0 0 0 0 0 0 0 0 0 0 0 0 0 0 0 0 0 0 0 0 0 0 0 0 0 0 0 0 0 0
"390" 0 0 0 235.5884 0 0 190.6904 0 0 0 0 0 0 1066.35302 0 0 0 0 0 0 0 0 0 0 0 0 0 12272.2852 0 0 0 0 0 0 0 0 0 0 0 0 0 0 0 15.1800004 0 34.577202 0 0 0 0 0 0 0 0 0 0 0 0 0 0 0 0 0 0 0 0 0 0 433.375 1486.15442 0 17.6702004 0 332.65702 156.063202 0 0 2.1304 718.51282 92.713204 0 0 0 799.44782 109.112 0 8.3789998 0 0 0 0 0 0 0 52.4272 0 0 0 0 0 0 0 0 0 0 0 0 0 0 392.891 0 0 967.56542 0 0 0 0 120.4506 68.04 203.5042 0 0 83.557 0 0 0 0 0 987.45318 0 0 0 88.514602 0 0 217.3508 0 0 0 0 0 0 0 0 0 0 0 0 0 0 0 0 767.82318 0 0 0 0 0 2071.841 900.98658 0 0 0 0 0 0 0 568.294 0 0 0 220.3808 0 0
"42" 0 0 0 0 589.80018 0 0 0 0 0 141.449432 0 0 0 0 0 0 0 0 788.34344 0 0 0 0 0 0 0 3081.753 0 0 0 0 621.0448 0 0 574.44056 0 0 0 434.76464 0 0 0 0 0 0 0 798.20684 0 0 0 0 296.70278 0 248.23084 0 0 0 0 0 0 0 312.93174 0 0 0 0 0 0 306.36782 0 0 0 0 0 499.4163 0 0 0 0 0 0 0 485.8814 0 0 0 0 0 0 0 0 0 0 0 0 0 0 1946.22254 0 0 0 0 0 0 0 0 0 0 0 0 0 0 0 265.40426 0 0 0 0 0 0 185.239624 0 0 0 0 0 0 0 0 233.1819 0 0 0 0 0 0 0 0 0 0 0 0 0 0 0 0 0 0 0 0 0 210.60032 0 0 0 1583.20788 0 0 256.4408 0 0 0 0 0 0 2402.3176 0 0 0 0 0 0 0
"615" 0 0 0 1794.10876 0 0 0 0 0 0 0 0 0 0 0 0 0 0 0 0 0 0 0 0 0 0 0 16656.5508 0 0 0 0 0 0 0 0 0 0 0 0 0 0 0 0 0 1243.58178 0 0 0 0 0 0 0 0 0 0 0 0 0 0 0 0 0 0 0 0 0 0 393.0173 2371.7542 0 0 0 0 0 0 0 270.2985 854.16254 0 0 0 0 3118.0598 0 0 112.733986 0 668.12366 0 0 0 0 0 0 0 0 0 0 0 0 0 0 0 0 0 0 0 0 319.78214 0 0 0 0 0 0 0 1065.81738 0 0 0 0 0 0 0 0 0 0 0 0 0 0 1285.0686 0 0 155.792434 0 0 0 0 0 0 0 0 0 0 0 0 0 0 0 0 562.69636 55.956494 0 0 0 931.33642 4573.5556 159.895996 0 0 0 0 0 0 0 0 0 0 0 0 0 0
"130" 0 0 0 0 1003.58782 0 0 0 0 0 794.9975 0 0 0 0 0 0 0 227.94964 1727.66468 0 0 0 0 0 246.13444 1165.64002 7592.4882 0 0 0 0 0 0 0 0 0 0 0 1155.12488 0 0 0 0 0 0 0 1306.63782 0 0 0 0 279.1885 0 301.78882 0 0 0 0 0 0 0 0 0 0 0 0 0 182.583572 635.47338 0 0 0 0 0 652.1731 0 0 1148.74268 0 0 0 0 1811.62182 0 0 0 0 0 0 0 0 0 0 0 0 0 0 0 0 0 0 0 0 0 0 0 0 0 174.243392 0 0 0 0 961.67376 0 0 0 0 0 0 2050.0586 0 0 0 0 0 0 0 0 223.1082 0 364.31414 0 0 92.314438 0 0 0 0 0 0 0 0 0 0 0 0 0 0 0 0 671.93586 0 0 0 0 0 193.882248 426.58676 0 0 15.2357302 180.693466 0 0 0 70.919372 0 0 0 0 0 0
"651" 0 0 0 3272.136 0 0 665.14282 0 0 0 0 0 0 0 0 249.1014 0 0 0 0 0 0 0 0 0 0 0 15434.5146 0 0 0 0 0 0 0 0 0 0 0 0 0 0 0 0 0 0 0 0 0 0 0 0 0 0 0 0 0 0 0 0 0 0 0 0 0 0 0 0 859.52466 4710.6368 0 0 0 0 98.075928 0 0 201.06658 3014.4124 0 0 0 0 4275.8042 6985.0302 0 207.4224 0 0 0 0 0 0 0 0 0 0 0 0 0 0 0 0 0 0 0 0 0 0 634.24548 0 0 0 0 0 0 0 703.58356 123.446632 228.00774 0 0 0 0 0 0 0 0 78.728898 0 0 0 4761.0064 0 0 303.26632 0 0 0 0 0 0 0 0 0 0 0 0 0 226.85858 0 0 2162.3582 0 0 0 0 0 0 843.76746 0 0 0 0 0 0 0 503.2554 0 0 119.604232 0 0 0
"531" 0 0 0 0 0 0 0 0 0 0 0 0 0 0 0 0 0 0 0 0 0 0 0 0 0 0 0 174.519242 0 0 0 0 0 0 0 0 0 0 0 0 0 0 0 0 0 0 0 0 0 0 0 0 0 0 0 0 0 0 0 0 0 0 0 0 0 0 0 0 0 28.40118 0 0 0 0 0 0 0 0 0 0 0 0 0 0 0 0 0 0 0 0 0 0 0 0 0 0 0 0 0 0 0 0 0 0 0 0 0 0 0 0 0 0 0 0 0 0 0 0 0 0 0 0 0 0 0 0 0 0 0 0 0 0 0 0 0 0 0 0 0 0 0 0 0 0 0 0 0 0 0 0 0 0 0 0 0 0 0 0 0 0 0 0 0 0 0 0 0 0 0 0 0 0 0 0
"230" 0 7234.691 344.61042 503.5622 0 104.7482 1185.31274 4779.2076 1906.52198 0 0 5.8383998 0 3566.7524 1093.14942 129.411408 65.535598 34.3166 0 0 0 0 0 0 0 0 0 44106.372 547.42462 1592.64294 197.022796 213.9984 0 0 0 0 0 58.217202 8434.962 94402.032 0 4735.6572 0 24143.92 0 1550.66822 0 0 2694.8134 0 2582.0378 0 0 897.89898 0 215.4114 258.0654 358.1828 0 0 1407.29786 1926.85364 0 0 0 285.81162 0 4942.5962 4148.2138 6354.4268 0 298.5832 2204.7392 153.168198 2097.2688 43450.562 0 102.387802 5052.3256 4467.357 78.011596 0 747.43218 4100.8272 187.936204 0 76.795402 88.303398 2272.8672 131.553208 0 2202.8934 0 1657.15284 10598.9668 0 129.311402 0 0 144.2686 0 215.252 0 0 0 594.0694 315.1354 253.2258 0 1192.86022 554.57678 0 17300.3438 0 0 5835.3184 0 283.766 129.237792 1622.08898 0 0 346.4652 204.597 11430.5684 0 27396.844 0 2590.3344 4033.1022 15961.4882 0 13879.7392 0 211.9628 521.474 0 0 0 0 0 0 0 0 3140.2424 878.51562 6580.084 0 46.3904 0 0 15.2298002 1758.65576 0 0 0 0 974.5918 9975.5176 2133.7844 0 0 3060.4824 0 0 0 0 5183.4952 0 0 0 1727.6842 0 0
"366" 0 0 0 0 0 0 0 0 0 0 0 0 0 0 0 0 0 170.735398 0 0 0 0 0 0 0 0 0 1601.55762 0 0 0 0 0 0 0 0 0 0 0 0 0 560.7254 0 0 0 0 0 0 0 0 5473.2374 0 0 0 0 0 0 0 0 0 0 0 0 0 0 0 0 0 0 58.4096 0 0 0 0 0 0 0 0 80.556396 0 0 0 0 129.757004 0 0 0 0 0 0 0 2782.2866 0 3041.5084 0 0 0 0 0 0 0 0 0 0 0 0 0 0 0 0 0 0 0 0 0 197.038604 0 0 0 0 0 0 0 0 0 0 0 0 0 0 0 0 0 0 0 0 0 0 0 0 0 0 0 0 0 0 3916.905 0 0 0 0 0 0 0 0 0 0 0 120.764802 0 0 0 147.2238 0 0 0 0 0 0 0 0 0 0 0
"530" 0 0 0 0 0 0 0 0 0 0 0 0 0 0 0 0 0 0 0 0 0 0 0 0 0 0 0 6534.3696 0 0 0 0 0 0 0 0 0 0 0 0 0 0 0 0 0 192.760102 0 0 0 0 0 0 0 0 0 0 0 0 0 0 0 0 0 0 0 0 0 0 0 1677.22242 0 0 0 0 22.88 0 0 148.101212 241.35824 0 0 0 0 340.36286 0 0 0 0 0 0 0 0 0 0 0 0 0 0 0 0 0 0 0 0 0 0 0 0 0 0 0 0 0 0 0 0 0 0 0 0 0 0 0 0 0 0 0 0 0 0 0 0 2240.1028 0 0 0 0 0 0 0 0 0 0 0 0 0 0 0 0 0 0 0 0 0 0 0 0 0 724.18928 0 0 0 0 0 0 0 0 0 0 0 0 0 0 0
"375" 0 0 0 20.524 0 0 112.365798 0 0 0 0 0 0 81.423202 0 0 0 0 0 0 0 0 0 0 0 0 0 4992.3082 0 0 481.57238 0 0 0 0 0 0 0 0 0 0 6416.2036 0 297.80938 0 31.8544 0 0 0 0 0 0 0 0 0 0 0 0 0 0 0 0 0 0 0 0 0 0 274.7518 717.66882 0 0 0 0 157.788604 0 0 0 716.29742 1388.385 0 0 0 459.7114 0 0 0 0 0 0 0 0 0 0 4.7484002 0 0 0 0 0 0 0 0 0 0 0 0 0 0 184.836594 0 0 0 0 0 3838.264 0 22.9588 0 73.626404 0 0 30.0274 0 0 0 0 0 0 0 0 0 50.7958 0 0 65.501602 0 0 0 0 0 0 0 0 0 0 24131.946 0 0 0 0 0 289.6166 0 0 0 0 0 733.82844 633.0686 0 0 0 0 0 0 0 157.887604 0 0 0 822.72522 0 0
"950" 0 0 0 0 0 0 0 0 0 0 0 0 0 0 0 0 0 0 0 0 0 0 0 0 0 0 0 0 0 0 0 0 0 0 0 0 0 0 0 0 0 0 0 0 0 0 0 0 0 0 0 0 0 0 0 0 0 0 0 0 0 0 0 0 0 0 0 0 0 0 0 0 0 0 0 0 0 0 0 0 0 0 0 0 0 0 0 0 0 0 0 0 0 0 0 0 0 0 0 0 0 0 0 0 0 0 0 0 0 0 0 0 0 0 0 0 0 0 0 0 0 0 0 0 0 0 0 0 0 0 0 0 0 0 0 0 0 0 0 0 0 0 0 0 0 0 0 0 0 0 0 0 0 0 0 0 0 0 0 0 0 0 0 0 0 0 0 0 0 0 0 0 0 0
"220" 0 4042.118 64.990998 2417.511 0 0 1969.30042 16748.418 3634.1564 0 0 9.7096004 104.871002 2970.1536 2348.957 504.0998 150.487396 536.00342 0 0 0 0 0 0 0 40178.062 0 67824.024 1416.56396 535.33758 28.101 522.54358 0 0 0 0 0 300.23542 17192.1036 263922.1 4.3035998 8245.1308 0 11676.2666 0 2664.188 0 89091.922 627.17962 82.485198 4646.7578 0 0 333.7518 0 72.749198 1984.80616 213.9288 0 0 2009.3838 1554.60438 0 0 0 413.5054 0 9216.9346 2725.4006 11282.3154 0 78.085198 2015.4768 51.266602 2503.241 103843.29 0 31.5842 10353.416 10318.1368 156.410996 0 566.02698 5692.6962 2017.8796 0 142.149598 0 4917.1372 579.93298 0 1613.56446 0 901.46198 8478.1328 90.868598 864.51722 0 0 0 21.2568 431.099 0 0 0 239.3624 167.795594 701.14178 0 3403.0792 0 304.8392 10991.3798 0 0 5199.1386 0 566.8202 198.472 1152.41224 0 0 743.93262 0 22347.206 0 13721.1006 0 1586.14478 7475.5196 25637.882 0 18276.9122 114.269798 198.697204 5090.123 0 0 0 0 0 0 0 0 7392.92 3125.8248 16634.123 0 277.202 0 14.6560002 23.1588 4052.5948 0 67.414802 0 0 10035.5626 13950.3702 4486.2808 84.378998 45.106998 1133.359 0 0 39.942798 0 5564.8594 0 0 2.2754 1479.24536 0 0
"481" 0 0 0 0 0 0 9.5805884 0 0 0 0 0 0 0 0 0 0 0 0 0 0 0 0 0 0 0 0 995.80658 0 0 0 0 0 0 0 0 0 0 0 0 0 0 0 0 0 0 0 0 0 0 0 0 0 0 0 0 0 0 0 0 0 0 0 0 0 0 0 0 0 90.105972 0 0 0 0 0 0 0 0 103.045174 0 0 0 0 39.39679 0 0 0 0 0 0 0 0 0 0 0 0 0 0 0 0 0 0 0 0 0 0 0 0 0 102.965782 0 0 0 0 0 0 0 0 0 0 0 0 0 0 0 0 0 0 0 0 0 0 0 0 0 0 0 0 0 0 0 0 0 0 0 0 0 0 0 0 0 0 0 0 0 0 0 0 0 0 0 0 0 0 0 0 0 0 0 0 0 161.702668 0 0
"200" 0 1290.43322 0 2879.7752 0 0 6230.378 10142.1328 321.2868 0 67657.704 0.2296 0 5123.024 1149.53918 392.0158 0 167.740402 0 0 0 0 0 0 0 22648.982 0 123920.406 437.3682 491.5626 0 260.8204 0 0 0 0 0 435.7966 15401.749 195020.016 0 14663.418 0 10950.4786 0 2680.566 0 42761.812 583.2254 83.782402 7768.5606 197.868392 79290.242 357.7876 0 34.1212 830.2378 0 0 0 3890.0416 2277.4068 0 0 0 221.9932 0 7923.7676 3423.027 18395.6386 38456.282 105.135598 8.5220004 1364.41346 2922.2026 54110.958 0 65.6064 16691.004 628.48162 818.82 0 2055.6146 11515.8046 1595.76098 0 67.873802 0 1046.7024 2011.2384 0 3155.4982 1447.93018 1318.69056 1877.85084 158.8844 0 0 0 131.492798 0 409.37742 224.7694 0 0 257.59522 0 653.50342 0 10253.9512 143.156006 0 8064.7134 0 102200.204 37554.868 0 2855.108 299.4136 3089.1994 0 0 1155.54798 427.6828 25203.35 0 7314.482 0 5956.0806 4857.0156 19312.9376 0 4859.2486 17.6282006 95.292198 4482.811 0 25.6756 0 0 0 0 0 0 6318.6992 1031.98864 24979.038 0 207.863 0 0 4.6036 7591.1118 0 414.98182 0 0 937.8742 19906.2364 9933.168 110.625602 49.342998 1319.28784 0 0 0 0 7422.458 0 0 0 14661.9356 144.428208 90.5672
"372" 0 0 0 398.50622 0 0 0 0 1262.64026 0 0 0 0 0 0 0 0 0 0 0 0 0 0 0 0 0 0 1619.66358 0 0 0 0 0 0 0 0 0 0 0 0 0 0 0 0 0 0 0 0 0 0 0 0 0 0 0 0 0 0 0 0 0 0 0 0 0 0 0 0 0 0 0 245.50114 0 0 0 0 0 0 736.34766 70.369972 0 0 0 0 0 0 0 0 0 0 0 0 0 0 0 0 0 0 0 0 0 0 0 0 0 0 0 0 0 0 0 0 0 0 0 0 0 0 0 0 0 0 0 0 0 0 0 0 0 0 0 0 0 0 0 0 0 0 0 0 0 0 0 0 0 0 0 0 0 0 0 0 0 0 0 0 0 0 3452.82 0 0 0 0 0 0 0 0 0 0 0 0 0 0 0
"452" 0 20.43971 0 0 0 0 104.181884 0 0 0 0 0 0 0 0 0 0 0 0 0 0 0 0 0 0 0 0 9347.4336 0 270.32476 0 0 0 0 0 0 0 0 0 0 0 0 0 0 0 0 0 0 0 0 0 0 0 0 0 0 0 0 0 0 0 0 0 0 0 0 0 0 467.00112 1472.90588 0 0 0 0 215.82 0 0 0 258.90206 0 0 0 0 483.89722 0 0 0 0 0 0 0 0 0 0 0 0 0 0 0 0 0 0 0 0 0 0 0 0 0 298.85282 0 0 4706.3476 0 0 0 0 0 0 0 0 0 0 0 0 0 0 0 0 0 0 0 0 0 0 146.2677 0 0 0 0 0 0 0 0 0 0 0 0 0 0 0 325.78338 635.40838 0 0 0 0 0 385.7799 80.779602 0 0 0 0 0 0 0 0 0 0 0 756.98852 0 0
"438" 0 0 0 0 0 0 0 0 0 0 0 0 0 0 0 0 0 0 0 0 0 0 0 0 0 0 0 2484.1774 0 0 0 0 0 0 0 0 0 0 0 0 0 0 0 0 0 0 0 0 0 0 0 0 0 0 0 0 0 0 0 0 0 0 0 0 0 0 0 0 0 567.2887 0 0 0 0 0 0 0 0 0 0 0 0 0 90.308136 0 0 0 0 0 0 0 0 0 0 219.70278 0 0 0 0 0 0 0 0 0 0 0 0 0 0 0 0 0 0 0 0 0 0 0 0 0 0 0 0 0 0 0 0 0 0 0 0 0 0 0 0 0 0 0 0 0 0 0 0 0 0 0 0 0 0 0 0 0 0 0 0 0 0 0 0 0 0 0 0 0 0 0 0 0 0 0 0 0 0 0
"420" 0 0 0 0 0 0 0 0 0 0 0 0 0 0 0 0 0 0 0 0 0 0 0 0 0 0 0 775.97918 0 0 0 0 0 0 0 0 0 0 0 0 0 0 0 0 0 0 0 0 0 0 0 0 0 0 0 0 0 0 0 0 0 0 0 0 0 0 0 0 0 194.682282 0 0 0 0 0 0 0 0 0 0 0 0 0 0 0 0 0 0 0 0 0 0 0 0 0 0 0 0 0 0 0 0 0 0 0 0 0 0 0 0 0 0 0 0 0 0 0 0 0 0 0 0 0 0 0 0 0 0 0 0 0 0 0 0 0 0 0 0 0 0 0 0 0 0 0 0 0 0 0 0 0 0 0 0 0 0 0 0 0 0 0 0 0 0 0 0 0 0 0 0 0 0 0 0
"404" 0 0 0 0 0 0 0 0 0 0 0 0 0 0 0 0 0 0 0 0 0 0 0 0 0 0 0 0 0 0 0 0 0 0 0 0 0 0 0 0 0 0 0 0 0 0 0 0 0 0 0 0 0 0 0 0 0 0 0 0 0 0 0 0 0 0 0 0 0 38.433846 0 0 0 0 0 0 0 0 0 0 0 0 0 0 0 0 0 0 0 0 0 0 0 0 0 0 0 0 0 0 0 0 0 0 0 0 0 0 0 0 0 0 0 0 0 0 0 0 0 0 0 0 0 0 0 0 0 0 0 0 0 0 0 0 0 0 0 0 0 0 0 0 0 0 0 0 0 0 0 0 0 0 0 0 0 0 0 0 0 0 0 0 0 0 0 0 0 0 0 0 0 0 0 0
"411" 0 0 0 0 0 0 0 0 0 0 0 0 0 0 0 0 0 0 0 0 0 0 0 0 0 0 0 739.22822 239.67002 0 0 0 0 0 0 0 0 0 0 0 0 0 0 0 0 0 0 0 0 0 0 0 0 0 0 0 0 0 0 0 0 0 0 0 0 0 0 0 0 31.66459 0 0 0 0 0 0 0 0 20.066422 0 0 0 0 4.1439224 0 0 0 0 0 0 0 0 0 0 0 0 0 0 0 0 0 0 0 0 0 0 0 0 0 0 0 0 0 0 0 0 0 0 0 0 0 0 0 0 0 0 0 0 0 0 0 0 0 0 0 49.592606 0 0 0 0 0 0 0 0 0 0 0 0 0 0 0 0 0 0 0 0 0 0 0 0 0 0 0 0 0 0 0 0 0 0 0 58.187222 0 0
"350" 0 0 0 81.766998 0 0 25.5514 0 1038.46424 0 0 0 0 0 4030.76 0 0 154.106598 0 0 0 0 0 0 0 0 0 6640.4288 0 0 0 0 0 0 0 0 0 1049.14844 0 0 0 1116.85974 0 527.43622 0 2240.1408 0 0 0 0 308.9184 0 0 0 0 28.2122 0 0 0 0 0 0 0 0 0 0 0 0 337.30842 849.6106 0 0 10356.4776 0 750.9878 0 0 0 518.5354 6403.8018 0 0 0 3986.616 0 0 59.2696 0 1791.46154 0 0 0 0 0 0 59.365398 0 0 0 0 0 0 0 0 0 0 0 0 0 0 0 0 30.9796 0 0 321.6268 0 0 0 0 0 0 0 0 0 0 0 0 80.800202 1651.87586 12536.8222 0 3443.228 0 0 66.496598 0 0 0 0 0 0 0 0 0 0 703.11962 0 0 0 0 0 278.953 0 0 0 0 55.334598 3067.71 295.8444 0 0 382.21702 0 0 0 0 368.85102 0 0 0 104.341004 0 0
"90" 0 0 0 0 0 0 0 0 0 0 271.72242 0 0 0 0 0 0 0 0 404.7688 0 0 0 0 0 0 240.0348 4119.358 0 0 0 0 753.70538 0 0 1074.54284 0 0 0 554.2898 0 0 0 0 136.050598 0 0 609.98902 0 0 0 0 158.630204 0 93.949798 0 0 0 0 0 0 0 0 0 848.18238 0 0 0 0 465.2264 0 0 0 0 0 286.0358 0 0 511.6156 0 0 0 0 880.10718 0 0 0 0 0 0 0 0 0 0 0 0 0 0 0 0 0 0 0 0 0 0 0 0 0 0 0 0 0 250.1654 216.7822 0 0 0 0 0 1366.49866 408.4834 0 0 0 0 0 0 0 0 0 0 117.955802 0 0 0 0 0 1661.33582 0 0 0 0 0 0 0 0 0 0 0.0048000002 0 0 314.055 0 0 0 0 0 0 242.9934 0 0 0 0 0 0 79.3712 0 0 0 0 0 0 0
"110" 0 0 0 0 0 0 0 0 0 0 0 0 0 0 0 0 0 0 0 0 0 0 0 0 0 0 0 369.53858 0 0 0 0 0 0 0 0 0 0 0 0 0 0 0 0 0 0 0 0 0 0 0 0 0 0 91.106842 0 0 0 0 0 0 0 0 0 0 0 0 0 0 0 0 0 0 0 0 0 0 0 0 0 0 0 0 0 0 0 0 0 0 0 0 0 0 0 0 0 0 0 0 0 0 0 0 0 0 0 0 0 0 0 0 0 0 0 0 0 0 0 0 0 0 0 0 0 0 0 0 0 0 0 0 0 0 0 0 0 0 0 0 0 0 0 0 297.55566 0 0 0 0 0 0 0 0 0 0 0 0 0 0 0 0 0 0 0 0 0 0 0 0 0 0 0 0 0 0
"91" 0 0 0 0 0 0 0 0 0 0 80.018532 0 0 0 0 0 0 0 0 250.78692 0 0 0 0 0 0 0 1523.5559 0 0 0 0 327.26742 0 0 712.84522 0 0 0 353.9162 0 0 0 0 0 0 0 296.46256 0 0 0 0 44.420922 0 24.956304 0 0 0 0 0 0 0 0 0 0 0 0 0 0 282.32666 0 0 0 0 0 146.847992 0 0 153.712052 0 0 0 0 188.708618 0 0 0 0 0 0 0 0 0 0 0 0 0 0 0 0 0 0 0 0 0 0 0 0 0 0 0 0 0 222.00972 83.433036 0 0 0 0 0 438.5189 0 0 0 0 0 0 0 0 0 0 0 0 0 0 0 0 0 1202.64026 0 0 0 0 0 0 0 0 0 0 0 0 0 0 0 0 0 0 0 0 142.173798 0 0 0 0 0 0 0 0 0 0 0 0 0 0
"344" 0 0 0 0 0 0 0 0 683.66198 0 0 0 0 0 240.486 0 1238.65406 0 0 0 0 0 0 0 0 0 0 1196.22802 0 0 0 0 0 0 0 0 0 0 0 0 0 269.578 0 0 0 23.654 0 0 0 0 0 0 0 0 0 0 0 0 0 0 0 241.838 0 0 0 0 0 0 0 236.812 0 0 0 0 0 0 0 0 0 0 0 0 0 208.98 0 0 0 0 138.514008 0 0 0 0 0 0 0 0 0 0 0 0 0 0 0 0 0 0 0 0 0 0 0 262.016 0 0 43.008 0 0 0 0 0 0 0 0 0 0 0 0 0 354.84 2268.01 0 118.262002 0 0 0 0 0 0 0 0 0 0 0 0 4831.8882 300.978 0 0 0 0 0 0 0 0 0 0 0 511.884 0 0 0 138.688004 0 0 0 0 0 0 0 0 0 0 0
"41" 0 0 0 0 0 0 0 0 0 0 0 0 0 0 0 0 0 0 0 0 0 0 0 0 0 0 0 895.63984 0 0 0 0 0 0 0 0 0 0 0 0 0 0 3455.8802 0 0 0 0 0 0 0 0 0 0 0 0 0 0 0 0 0 0 0 0 0 0 0 0 0 0 0 0 0 0 0 0 0 0 0 0 0 0 0 0 0 0 0 0 0 0 0 0 0 0 0 0 0 0 0 0 0 0 0 0 0 0 0 0 0 0 0 0 0 0 0 0 0 0 0 0 0 0 0 0 0 0 0 0 0 0 0 0 0 0 0 0 0 0 0 0 0 0 0 0 0 0 0 0 0 0 0 0 0 0 0 0 0 0 0 0 0 0 0 0 0 0 0 0 0 0 0 0 0 0 0
"310" 0 0 0 21.7864 0 0 46.164002 0 0 0 0 0 0 0 773.45618 0 276.8414 172.933396 0 0 0 0 0 0 0 0 0 12944.1376 0 0 0 0 0 0 0 0 0 0 9526.8886 0 0 1460.06274 0 0.0458 0 42.904998 0 0 90.444 0 691.97962 0 0 0 0 0 0 0 0 0 0 211.0708 0 0 0 1117.40856 0 0 292.8986 748.91802 0 0 814.46418 0 354.42718 9234.1494 0 0 1915.09058 81.753602 0 0 0 2364.1294 0 0 0.52060002 0 0 0 0 316.51322 0 69.6736 27.5692 17.1683998 0 0 0 280.19 0 0 0 0 0 0 0 0 0 531.91082 0 0 0.2086 0 0 50.7892 0 0 0 0 0 0 406.2548 0 0 0 0 0 0 6778.8012 14462.8974 0 130.065796 0 0 542.042 0 0 0 0 0 0 0 0 11372.0566 2714.4056 2045.238 0 0 0 0 0 1018.94042 0 0 0 0 58.731602 1510.57178 1261.08106 0 0 2904.5688 0 0 0 0 108.381202 0 0 0 36.2164 0 0
"850" 0 0 0 0 0 0 11295.0048 0 0 0 0 0 0 0 0 0 0 0 0 0 0 0 0 0 0 0 0 0 0 0 0 0 0 0 0 0 0 0 0 0 0 0 0 0 0 0 0 0 0 0 0 0 0 0 0 0 0 0 0 0 0 0 0 0 0 0 0 0 0 0 0 0 0 0 0 0 0 0 0 0 0 0 0 0 0 0 0 0 0 0 0 0 0 0 0 0 0 0 0 0 0 0 0 0 0 0 0 0 0 0 0 0 0 0 0 0 0 1672.07336 0 0 0 0 0 95.121452 0 0 0 0 0 0 0 0 0 0 0 0 0 0 0 0 0 0 0 0 0 0 0 0 0 0 0 0 0 0 0 0 0 0 0 0 0 0 0 0 0 0 0 0 0 0 0 0 0 0
"750" 0 0 0 0 0 0 20008.152 0 0 0 0 0 0 1113.27392 0 0 0 0 0 0 0 318.91074 0 0 0 0 0 0 0 0 0 0 0 0 0 0 0 0 0 0 0 0 0 0 0 0 0 0 0 0 0 0 0 0 0 0 0 0 0 0 0 0 0 0 0 0 0 0 30521.672 0 0 0 0 0 0 0 0 0 0 0 0 0 32.888798 0 0 119.32991 0 0 0 1183.3833 0 0 0 0 0 0 0 8.93441 0 0 0 0 2802.0544 0 0 0 0 0 0 21953.182 0 0 0 0 0 0 1204.08178 1198.70118 0 1058.64942 0 0 802.8565 420.63688 0 0 0 0 0 0 0 0 0 0 0 14142.504 0 0 0 0 0 0 0 0 0 0 0 0 0 0 0 0 11373.955 0 0 0 0 0 0 0 0 0 0 0 0 0 0 5558.768 0 0 0 0 0 0
"205" 0 0 0 48.0542 0 0 222.008 543.63598 0 0 3712.261 0 0 201.7252 66.767602 179.758606 0 0 0 0 0 0 0 0 0 3357.2164 0 5889.1318 0 0 0 0 0 0 0 0 0 0 857.09662 11907.293 0 1136.755 0 544.04962 0 51.3816 0 2078.6912 0 0 329.96258 0 5057.9404 0 0 0 0 282.22558 0 0 0 79.954002 0 0 0 0 0 295.1474 186.431794 881.53882 0 0 0 0 252.3634 2146.3146 0 15.0523996 3700.7784 0 0 0 0 589.50178 0 0 2.0042 0 947.10302 0 0 174.680802 113.931396 0 34.355202 0 0 0 0 0 0 0 0 0 0 0 0 0 0 330.794 0 0 4.0869998 0 8639.8184 2483.181 0 80.192596 0 109.075402 0 0 83.6018 0 987.00402 0 373.63958 0 0 133.054794 571.00018 0 28.5492 0 0 1421.00684 0 0 0 0 0 0 0 0 51.6032 0 1178.95458 0 0 0 0 0 555.0506 0 0 0 0 0 851.5318 552.5838 0 0 93.509804 0 0 0 0 154.092408 0 0 0 204.7932 0 0
"630" 0 0 0 64376.93 0 0 726.89898 0 0 0 0 0 0 0 0 0 0 0 0 0 0 0 0 0 0 0 0 53812.27 0 0 0 0 0 0 0 0 0 0 0 0 0 0 0 0 0 0 0 0 0 0 0 0 0 0 0 0 0 0 0 0 0 0 0 0 0 0 0 0 893.44672 9709.9502 0 0 0 0 0 0 0 0 557.4245 1442.92102 0 0 0 9156.9346 324.94916 0 0 0 0 432.7818 0 0 0 0 0 0 0 0 0 0 0 0 0 0 0 0 0 0 0 1471.11438 0 0 0 0 0 0 0 299.6063 750.79126 1101.9873 0 0 0 0 0 0 0 0 0 0 0 0 677.14472 0 0 306.24354 0 0 0 0 0 0 0 0 0 0 0 0 0 80.980202 0 0 701.72528 122.291038 503.05456 0 0 0 8550.0264 2001.1046 0 0 0 0 0 285.89292 0 0 0 0 0 0 0 0
"645" 0 0 0 0 0 0 557.30896 0 0 0 0 0 0 0 0 0 0 0 0 0 0 0 0 0 0 0 0 17161.291 0 0 0 0 0 0 0 0 0 0 0 0 0 0 0 0 0 1714.0531 0 0 0 0 0 0 0 0 0 0 0 0 0 0 0 0 0 0 0 0 0 0 0 1728.02088 0 0 0 0 0 0 0 2825.5022 1286.79188 0 0 0 0 3954.7434 0 0 567.711 0 0 0 0 0 0 0 0 0 0 0 0 0 0 0 0 0 0 0 0 0 0 177.004898 0 0 0 0 0 0 0 0 549.8332 310.81446 0 0 0 0 0 0 0 0 420.10412 0 0 0 0 0 0 135.112824 0 0 0 0 0 0 0 0 0 0 0 0 0 17794.4688 0 0 734.8509 0 0 0 0 0 0 116.630798 0 0 0 0 0 0 0 0 0 0 0 0 0 0
"395" 0 0 0 0 0 0 0 0 0 0 0 0 0 0 0 0 0 0 0 0 0 0 0 0 0 0 0 809.60864 0 0 0 0 0 0 0 0 0 0 0 0 0 0 0 0 0 0 0 0 0 0 0 0 0 0 0 0 0 0 0 0 0 0 0 0 0 0 0 0 0 0 0 0 0 0 0 0 0 0 149.337692 0 0 0 0 0 0 0 0 0 0 0 0 0 0 0 0 0 0 0 0 0 0 0 0 0 0 0 0 0 0 0 0 0 0.008761431 0 0 0 0 0 0 0 0 0 0 0 0 0 0 0 0 0 0 0 0 0 0 0 0 0 0 0 0 0 0 0 0 0 0 0 0 0 0 0 0 0 0 0 0 0 0 0 0 0 0 0 0 0 0 0 0 0 0 0 0 0
"666" 0 0 0 0 0 0 249.4 0 0 0 0 0 0 0 0 0 0 0 0 0 0 0 0 0 0 0 0 16282.7998 0 0 0 0 0 0 0 0 0 0 0 0 0 0 0 0 0 0 0 0 0 0 0 0 0 0 0 0 0 0 0 0 0 0 0 0 0 0 0 0 0 4480 0 0 0 0 0 0 0 0 2587.2 7.8000002 0 0 0 2713.2 0 0 0 0 0 232 0 0 0 0 0 0 0 0 0 0 0 0 0 0 0 0 0 0 0 103 0 0 0 0 0 0 0 21 0 0 0 0 167.600006 0 0 0 0 0 0 0 0 0 0 0 0 1735.40002 0 0 0 0 0 0 0 0 0 0 0 0 0 0 0 0 1189.19996 0 0 0 0 0 0 1593.40002 0 0 0 0 0 0 0 759.20002 0 0 0 0 0 0
"325" 0 2493.3168 2315.1978 1600.07142 0 76.870002 1274.40906 0 14708.0996 0 0 0 0 2815.8326 5971.4726 192.837402 1666.94776 345.9176 0 0 0 0 0 0 0 0 0 66673.922 677.80218 936.15638 1245.1222 1733.56884 0 0 0 0 0 162.264404 0 0 0 5399.503 0 4412.602 0 6384.4814 0 0 273.402 150.138794 3705.4676 0 0 696.53022 0 252.6546 1423.09118 0 0 0 2.5151998 6159.418 0 0 0 3704.7656 0 0 5261.81 10941.4218 0 1151.03918 8531.8212 98.43 2336.5616 0 0 125.182998 7013.7886 6488.3564 221.4518 0 592.44538 6204.875 482.6626 0 78.192802 0 6640.1456 1050.08276 0 1106.70336 0 286.7022 1871.40186 693.48022 0 0 0 663.16218 0 557.84778 85.449798 102.996804 107.875602 880.34136 394.0744 401.5744 0 1725.0194 160.708802 0 2645.3942 0 0 1362.45862 0 679.06658 103.7574 1465.99476 0 0 492.20182 246.9142 0 0 0 0 3088.4896 15220.9004 25935.864 0 11147.5752 48.7574 171.141204 566.80102 0 0 0 0 0 0 0 0 0 7092.1934 8705.7168 0 0 41.525398 0.3804 0 3445.9582 0 1062.67884 0 0 5783.3702 15112.4668 4137.7192 80.360604 232.0134 5892.4922 0 0 95.891198 0 5985.2916 0 129.666 24.7988 4440.8218 458.807 231.0758
"51" 0 0 0 0 0 0 0 0 0 0 0 0 0 0 0 0 0 0 0 0 0 0 0 0 0 0 0 1170.92736 0 0 0 0 0 0 0 0 0 0 0 0 0 0 0 0 0 0 0 0 0 0 0 0 0 0 136.177796 0 0 0 0 0 0 0 0 0 0 0 0 0 0 0 0 0 0 0 0 0 0 0 297.87054 0 0 0 0 0 0 0 0 0 0 0 0 0 0 0 0 0 0 0 383.37198 0 0 0 0 0 0 0 0 0 0 0 0 0 0 0 63.85038 0 0 0 0 0 0 0 0 0 0 0 0 0 0 0 0 0 0 0 0 0 0 0 0 0 0 0 0 0 0 0 0 0 0 0 0 0 0 0 0 0 1453.75672 0 0 0 0 0 0 0 0 0 2100.2778 0 0 0 0 0 0 0
"663" 0 0 0 2186.0666 0 0 397.66114 0 0 0 0 0 0 0 0 158.748734 0 0 0 0 0 0 0 0 0 0 0 4804.4428 0 0 0 0 0 0 0 0 0 0 0 0 0 0 0 0 0 0 0 0 0 0 0 0 0 0 0 0 0 0 0 0 0 0 0 0 0 0 0 0 248.84986 2487.5214 0 0 0 0 114.376618 0 0 0 1110.01684 0 0 0 0 1526.73632 288.53436 0 0 0 0 0 0 0 0 0 0 0 0 0 0 0 0 0 0 0 0 0 0 0 0 451.10592 0 0 0 0 0 0 0 0 0 0 0 0 0 0 0 0 0 0 100.783096 0 0 0 8907.46 0 0 184.736054 0 0 0 0 0 0 0 0 0 0 0 0 0 0 0 0 469.0152 0 0 0 0 0 0 748.69636 0 0 0 0 0 0 0 250.70872 0 0 94.455208 0 0 0
"740" 0 0 0 0 0 0 96254.68 0 0 0 0 0 0 1872.1986 0 0 0 0 0 0 0 0 0 0 0 0 0 0 0 0 0 0 0 0 0 0 0 0 0 0 0 0 0 0 0 0 0 0 0 0 0 120.424134 0 0 0 0 0 0 0 0 0 0 0 0 0 0 0 0 51262.848 13963.8038 0 0 0 0 0 0 0 0 0 0 0 0 1542.5835 0 0 232.3272 0 0 0 574.35852 0 0 0 0 0 0 0 0 0 0 0 0 1715.02246 0 0 0 0 0 0 58359.086 0 0 0 0 0 0 0 5516.6416 0 664.01532 0 0 20382.114 4873.5478 0 0 0 0 0 0 0 0 0 0 0 15777.917 0 0 0 0 0 0 0 0 0 0 0 0 0 0 0 0 43489.004 0 0 0 0 0 0 0 0 0 0 0 0 0 0 30799.716 0 0 0 0 0 0
"705" 0 0 0 0 0 0 0 0 0 0 0 0 0 0 0 0 0 0 0 0 0 0 0 0 0 0 0 28218.298 0 0 0 0 0 0 0 0 0 0 0 0 0 0 0 0 0 0 0 0 0 0 0 0 0 0 0 0 0 0 0 0 0 0 0 0 0 0 0 0 0 534.85236 0 0 0 0 0 0 0 0 1479.99462 0 0 0 0 1995.30652 0 0 0 0 0 0 0 0 0 0 0 0 0 0 0 0 0 0 0 0 0 0 0 0 0 0 0 0 0 0 0 0 0 0 0 0 0 0 0 0 0 0 0 0 0 0 0 0 0 0 0 0 0 0 0 0 0 0 0 0 0 0 0 0 0 0 0 0 0 0 0 0 0 0 0 144.403594 0 0 0 0 0 0 0 0 0 0 0 0 0 0
"501" 0.116727292 0 0 2771.7034 0 0 173.151978 0 0 0 0 0 0 0 0 827.5647 0 0 0 0 0 0 0 0 0 0 0 11204.6602 0 0 0 0 0 0 0 0 0 0 0 0 0 0 0 0 0 535.07416 0 0 0 0 0 0 0 0 0 0 0 0 0 0 0 0 0 0 0 0 0 0 431.62594 9849.7832 0 0 0 0 0 0 0 0 2100.0722 0 0 0 0 757.94318 0 0 0 0 0 0 0 0 0 0 0 0 0 0 0 0 0 0 0 0 0 0 0 0 0 1621.9087 0 0 0 0 0 0 0 0 0 375.63122 0 0 0 0 0 0 0 0 0 0 0 24.126638 975.29316 32.670356 0 275.82604 0 0 0 7.027636 0 0 0 0 0 0 0 0 0 0 0 0 435.36892 0 0 0 0 0 259.94592 259.0126 279.60162 0 0 0 0 0 0 0 0 0 0 1587.14538 78.139434 0
"703" 0 0 0 0 0 0 0 0 0 0 0 0 0 0 0 0 0 0 0 0 0 0 0 0 0 0 0 11548.918 0 0 0 0 0 0 0 0 0 0 0 0 0 0 0 0 0 0 0 0 0 0 0 0 0 0 0 0 0 0 0 0 0 0 0 0 0 0 0 0 0 0 0 0 0 0 0 0 0 0 279.55094 1652.96838 0 0 0 342.93942 0 0 0 0 0 0 0 0 0 0 0 0 0 0 0 0 0 0 0 0 0 0 0 0 0 0 0 0 0 0 0 0 0 0 0 0 0 0 0 0 0 0 0 0 0 0 0 0 0 0 0 0 0 0 0 0 0 0 0 0 0 0 0 0 0 0 0 0 0 0 0 0 0 0 0 0 0 0 0 0 0 458.39762 0 0 0 0 0 0 0 0
"811" 0 0 0 0 0 0 84.833778 0 0 0 0 0 0 0 0 0 0 0 0 0 0 0 0 0 0 0 0 0 0 0 0 0 0 0 0 0 0 0 0 0 0 0 0 0 0 0 0 0 0 0 0 0 0 0 0 0 0 0 0 0 0 0 0 0 0 0 0 0 914.797 0 0 0 0 0 0 0 0 0 0 0 0 0 0 0 0 0 0 0 0 0 0 0 0 0 0 0 0 0 0 0 0 0 0 0 0 0 0 0 0 534.67956 0 0 0 0 0 0 0 0 0 0 0 0 182.155106 0 0 0 0 0 0 0 0 0 0 0 0 2431.764 0 0 0 0 0 0 0 0 0 0 0 0 0 0 0 0 0 0 0 0 0 0 0 0 0 0 0 0 0 0 0 5866.3628 0 0 0 0 0 0
"732" 0 0 0 0 0 0 40826.132 0 0 0 0 0 0 690.6184 0 0 0 0 0 0 0 0 0 0 0 0 0 0 0 0 0 0 0 0 0 0 0 0 0 0 0 0 0 0 0 0 0 0 0 0 0 15.5991278 0 0 0 0 0 0 0 0 0 0 0 0 0 0 0 0 24532.52 10549.337 0 0 0 0 0 0 0 0 107536.626 0 0 0 387.98782 0 0 36.072322 0 0 0 187.604294 0 0 0 0 0 0 0 0 0 0 0 0 1159.78858 0 0 0 0 0 0 22195.8 0 0 0 0 0 0 0 3052.9612 0 803.83172 0 0 6662.4776 324.53118 0 0 0 0 0 0 0 0 0 0 0 22606.366 0 0 0 0 0 0 0 0 0 0 0 0 0 0 0 0 10689.5518 0 0 0 0 0 0 0 0 0 0 0 0 0 0 15980.6504 0 0 0 0 0 0
"690" 0 0 0 2292.6968 0 0 1215.42518 0 0 0 0 0 0 43.978348 0 472.47058 0 0 0 0 0 0 0 0 0 0 0 8065.0742 0 0 0 0 0 0 0 0 0 0 0 0 0 0 0 0 0 0 0 0 0 0 0 0 0 0 0 0 0 0 0 0 0 0 0 0 0 0 0 0 376.33108 2636.8526 0 0 0 0 0 0 0 0 4160.101 0 0 0 0 4346.9166 0 0 0 0 0 0 0 0 0 0 0 0 0 0 0 0 0 0 0 0 0 0 0 0 0 626.706 0 0 0 0 0 0 0 133.663864 1072.86804 283.3014 0 0 0 0 0 0 0 0 2652.6568 0 0 0 0 0 0 433.01986 0 0 0 0 0 0 0 0 0 0 0 0 0 0 0 0 999.33758 0 0 0 0 0 0 458.557 0 0 0 0 0 0 0 159.078644 0 0 0 0 0 0
"812" 0 0 0 0 0 0 0 0 0 0 0 0 0 0 0 0 0 0 0 0 0 0 0 0 0 0 0 0 0 0 0 0 0 0 0 0 0 0 0 0 0 0 0 0 0 0 0 0 0 0 0 0 0 0 0 0 0 0 0 0 0 0 0 0 0 0 0 0 0 0 0 0 0 0 0 0 0 0 0 0 0 0 0 0 0 0 0 0 0 0 0 0 0 0 0 0 0 0 0 0 0 0 0 0 0 0 0 0 0 0 0 0 0 0 0 0 0 0 0 0 0 0 0 0 0 0 0 0 0 0 0 0 0 0 0 262.8283 0 0 0 0 0 0 0 0 0 0 0 0 0 0 0 0 0 0 0 0 0 0 0 0 0 0 0 0 0 0 0 1049.88928 0 0 0 0 0 0
"660" 0 0 0 708.83294 0 0 0 0 0 0 0 0 0 0 0 0 0 0 0 0 0 0 0 0 0 0 0 5166.8598 0 0 0 0 0 0 0 0 0 0 0 0 0 0 0 0 0 0 0 0 0 0 0 0 0 0 0 0 0 0 0 0 0 0 0 0 0 0 0 0 0 775.32336 0 0 0 0 0 0 0 297.3569 741.99042 0 0 0 0 591.89716 1126.35694 0 0 0 0 0 0 0 0 0 0 0 0 0 0 0 0 0 0 0 0 0 0 0 0 195.01381 0 0 0 0 0 0 0 0 0 0 0 0 0 0 0 0 0 0 63.154434 0 0 0 849.33142 0 0 0 0 0 0 0 0 0 0 0 0 0 0 0 0 0 0 0 484.07166 0 0 0 0 0 0 338.28656 0 0 0 0 0 0 0 0 0 0 0 0 0 0
"450" 0 0 0 0 0 0 0 0 0 0 0 0 0 0 0 0 0 0 0 0 0 0 0 0 0 0 0 3784.9346 0 0 0 0 0 0 0 0 0 0 0 0 0 0 0 0 0 0 0 0 0 0 0 0 0 0 0 0 0 0 0 0 0 0 0 0 0 0 0 0 0 575.22094 0 0 0 0 0 0 0 0 2342.736 0 0 0 0 6547.748 0 0 0 0 0 0 0 0 0 0 0 0 0 0 0 0 0 0 0 0 0 0 0 0 0 0 0 0 0 0 0 0 0 0 0 0 0 0 297.01022 0 0 0 0 0 0 0 0 0 0 0 0 8686.3388 0 0 0 0 0 0 0 0 0 0 0 0 0 0 0 0 0 0 0 0 0 0 228.71122 0 0 0 0 0 0 0 0 0 0 0 0 0 0 0
"620" 0 0 0 224.80354 0 0 0 0 0 0 0 0 0 0 0 0 0 0 0 0 0 0 0 0 0 0 0 4775.2788 0 0 0 0 0 0 0 0 0 0 0 0 0 0 0 0 0 2172.137 0 0 0 0 0 0 0 0 0 0 0 0 0 0 0 0 0 0 0 0 0 0 0 431.94158 0 0 0 0 0 0 0 0 401.32492 0 0 0 0 1965.0614 0 0 0 0 0 0 0 0 0 0 0 0 0 0 0 0 0 0 0 0 0 0 0 0 0 0 0 0 0 0 0 0 0 0 279.98376 0 0 0 0 0 0 0 0 0 0 0 0 0 199.13823 0 0 0 0 0 0 0 0 0 0 0 0 0 0 0 0 1263.01124 0 0 495.11448 0 0 0 0 0 4531.3682 0 0 0 0 0 0 0 0 0 0 0 0 0 0 0
"780" 0 0 0 0 0 0 476.04104 0 0 0 0 0 0 0 0 0 0 0 0 0 0 0 0 0 0 0 0 0 0 0 0 0 0 0 0 0 0 0 0 0 0 0 0 0 0 0 0 0 0 0 0 0 0 0 0 0 0 0 0 0 0 0 0 0 0 0 0 0 1165.95044 0 0 0 0 0 0 0 0 0 0 0 0 0 0 0 0 0 0 0 0 0 0 0 0 0 0 0 0 19.3639508 0 0 0 0 0 0 0 0 0 0 0 1405.1775 0 0 0 0 0 0 0 497.31196 0 0 0 0 0 0 0 0 0 0 0 0 0 0 0 0 0 2696.3128 0 0 0 0 0 0 0 0 0 0 0 0 0 0 0 0 930.75318 0 0 0 0 0 0 0 0 0 0 0 0 0 0 293.89044 0 0 0 0 0 0
"570" 0 0 0 0 0 0 0 0 0 0 0 0 0 0 0 0 0 0 0 0 0 0 0 0 0 0 0 204.69248 0 0 0 0 0 0 0 0 0 0 0 0 0 0 0 0 0 0 0 0 0 0 0 0 0 0 0 0 0 0 0 0 0 0 0 0 0 0 0 0 0 0 0 0 0 0 0 0 0 0 0 0 0 0 0 0 0 0 0 0 0 0 0 0 0 0 0 0 0 0 0 0 0 0 0 0 0 0 0 0 0 0 0 0 0 0 0 0 0 0 0 0 0 0 0 0 0 0 0 0 0 0 0 0 0 0 0 0 0 0 0 0 0 0 0 0 0 0 0 0 0 0 0 0 0 0 0 0 0 0 0 0 0 0 0 0 0 0 0 0 0 0 0 0 0 0
"368" 0 0 0 0 0 0 0 0 0 0 0 0 0 0 0 0 0 1958.71326 0 0 0 0 0 0 0 0 0 1762.47986 0 0 0 0 0 0 0 0 0 0 0 0 0 1079.96276 0 0 0 25.2448 0 0 0 0 1428.32398 0 0 0 0 0 0 0 0 0 0 0 0 0 0 0 0 0 0 117.907998 0 7.6020002 0 0 0 0 0 0 67.306198 1432.98376 0 36.313202 0 917.5716 0 0 0 0 0 0 0 0 0 0 150.3022 0 0 0 0 0 0 0 0 0 0 0 0 0 0 0 0 0 0 0 0 275.7376 0 0 0 0 0 0 0 0 0 0 0 0 0 0 0 0 0.83819998 0 0 0 0 0 0 0 0 0 0 0 0 0 2214.6254 0 0 0 0 0 0 0 0 0 0 0 362.2078 0 0 0 637.08422 0 0 20.4852 0 0 0 0 0 0 0 0
"212" 0 0 0 0 0 0 0 320.6038 0 0 0 0 0 0 5.8639998 0 0 0 0 0 0 0 0 0 0 237.8388 0 3151.7164 0 0 0 0 0 0 0 0 0 0 285.70182 12981.914 0 103.391998 0 0 0 0 0 371.57958 0 0 66.444396 0 6403.2246 0 0 0 0 0 0 0 0 18.1690006 0 0 0 0 0 129.402604 0 0 0 0 0 0 25.787 1087.97584 0 0 458.279 0 0 0 0 0 0 0 0 0 0 0 0 0 0 0 0 0 0 0 0 0 0 0 0 0 0 0 0 0 0 0 0 0 0 0 0 7.1146002 0 0 0 0 0 0 0 0 451.3688 0 127.1408 0 0.33739998 40.925 5.7326002 0 0 0 0 0 0 0 0 0 0 0 0 0 78.751998 0 182.819198 0 0 0 0 0 0 0 0 0 0 0 78.753602 0 0 0 0 0 0 0 0 0 0 0 0 0 0 0
"367" 0 0 0 0 0 0 0 0 0 0 0 0 0 0 0 0 0 837.86798 0 0 0 0 0 0 0 0 0 993.25 0 0 0 0 0 0 0 0 0 0 0 0 0 799.07282 0 0 0 0 0 0 0 0 2080.9204 0 0 0 0 0 0 0 0 0 0 0 0 0 0 0 0 0 0 80.924798 0 0.6688 0 0 0 0 0 0 0 90.208602 0 0 0 123.890404 0 0 0 0 0 0 0 5963.1528 0 0 0 0 0 0 0 0 0 0 0 0 0 0 0 0 0 0 0 0 0 0 0 158.345002 0 0 0 0 0 0 0 0 0 0 0 0 0 0 0 0 0 0 0 0 0 0 0 0 0 0 0 0 0 0 1118.15124 0 0 0 0 0 0 0 0 0 0 0 254.8622 0 0 0 300.5188 0 0 23.6636 0 219.8984 0 0 0 0 0 0
"600" 0 0 0 844.35084 0 0 112.990676 0 0 0 0 0 0 56.39365 0 0 0 0 0 0 0 0 0 0 0 0 0 7017.46 0 0 0 0 0 0 0 0 0 0 0 0 0 0 0 2636.2812 0 1088.22754 0 0 0 0 0 0 0 0 0 0 0 0 0 0 0 0 0 0 0 0 0 0 220.1742 1000.32984 0 0 1696.90772 0 0 0 0 0 682.79084 0 0 0 0 795.8628 0 0 47.192994 0 0 0 0 0 0 0 0 0 0 0 0 0 0 0 0 0 0 0 0 0 0 203.46104 0 0 0 0 0 0 0 146.426132 0 55.472984 0 0 0 0 0 0 0 0 0 0 0 0 4946.4224 0 0 229.60162 0 0 0 0 0 0 0 0 0 0 0 0 0 0 0 0 289.13082 0 0 0 0 410.28384 3335.6618 190.060668 0 0 0 0 0 0 0 371.87244 0 0 0 0 0 0
"359" 0 0 0 0 0 0 0 0 0 0 0 0 0 0 0 0 0 576.8653 0 0 0 0 0 0 0 0 0 282.74938 0 0 0 0 0 0 0 0 0 0 0 0 0 0 0 0 0 0 0 0 0 0 0 0 0 0 0 0 0 0 0 0 0 0 0 0 0 0 0 0 0 0 0 0 0 0 0 0 0 0 0 0 0 0 0 0 0 0 0 0 0 0 0 0 0 0 0 0 0 0 0 0 0 0 0 0 0 0 0 0 0 0 0 0 0 0 0 0 0 0 0 0 0 0 0 0 0 0 0 0 0 2405.8936 3256.7412 0 0 0 0 0 0 0 0 0 0 0 0 0 0 0 0 0 0 0 0 0 0 0 0 0 0 0 630.83038 0 0 0 1636.38952 0 0 0 0 0 0 0 0 0 0 0
"580" 0 0 0 0 0 0 0 0 0 0 0 0 0 0 0 404.529 0 0 0 0 0 0 0 0 0 0 0 1735.40478 0 0 0 0 0 0 0 0 0 0 0 0 0 0 0 0 0 0 0 0 0 0 0 0 0 0 0 0 0 0 0 0 0 0 0 0 0 0 0 0 0 432.7019 0 0 0 0 0 0 0 0 36.787948 0 0 0 0 57.763584 323.61188 0 0 0 0 0 0 0 0 0 0 0 0 0 0 0 0 0 0 0 0 0 0 367.59844 0 167.144332 0 0 0 0 0 0 0 0 0 0 0 0 0 0 0 0 0 0 0 0 0 0 0 0 0 0 0 0 0 0 0 0 0 0 0 0 0 0 0 0 0 0 0 0 0 0 0 0 0 0 0 0 0 0 0 0 0 0 0 0 0 0 0 0
"781" 0 0 0 0 0 0 0 0 0 0 0 0 0 0 0 0 0 0 0 0 0 0 0 0 0 0 0 0 0 0 0 0 0 0 0 0 0 0 0 0 0 0 0 0 0 0 0 0 0 0 0 0 0 0 0 0 0 0 0 0 0 0 0 0 0 0 0 0 0 0 0 0 0 0 0 0 0 0 0 0 0 0 0 0 0 0 0 0 0 0 0 0 0 0 0 0 0 0 0 0 0 0 0 0 0 0 0 0 0 283.3764 0 0 0 0 0 0 0 0 0 0 0 0 0 0 0 0 0 0 0 0 0 0 0 0 0 614.91272 0 0 0 0 0 0 0 0 0 0 0 0 0 0 0 0 185.911164 0 0 0 0 0 0 0 0 0 0 0 0 0 0 0 0 0 0 0 0 0
"70" 0 0 0 0 2309.291 0 1217.77416 2335.5666 0 0 2450.9542 0 0 0 0 0 0 0 57.484386 9840.541 0 0 0 0 0 4371.8208 3074.7292 146407.89 245.4601 0 0 0 2055.8558 0 0 5591.9414 0 0 1256.28002 30277.126 0 1194.97656 0 0.0277134 362.54896 0 0 10457.1348 248.4976 0 1497.89648 0 8329.456 0 5529.4014 0 0 0 0 0 0 443.17706 1077.01856 0 1050.9093 0 0 2163.9226 2965.4716 8198.3428 3484.806 0 0 0 1409.26818 11477.9384 0 0 38598.07 0.029771844 0 0 0 30320.29 0 0 0 0 0 348.95618 0 0 112.806602 0 534.53796 0 0 0 0 0 0 0 0 0 0 0 0 0 0 14433.291 0 0 1165.45276 1401.70252 8113.6646 339.77474 0 766.7779 0 388.90948 44.605518 2433.7922 4258.395 0 1962.18482 0 1217.76124 369.53112 0 859.9477 3323.1232 0 840.08178 0 0 2639.8016 0 0 280.05392 0 0 0 0 0 201.4118 0 2305.2866 0 0 0 0 0 9577.8642 0 0 0 0 0 1406.11866 14009.6778 0 0 526.36212 819.94288 0 0 158.429214 2073.8692 0 0 0 324.03306 0 0
"343" 0 0 0 0 0 0 0 0 0 0 0 0 0 0 968.28272 0 126.599366 0 0 0 0 0 0 0 0 0 0 208.91254 0 0 0 0 0 0 0 0 0 0 0 0 0 0 0 0 0 0 0 0 0 0 0 0 0 0 0 0 0 0 0 0 0 2046.0156 0 0 0 306.3324 0 0 0 0 0 0 0 0 0 0 0 0 0 0 0 0 0 0 0 0 0 0 0 0 0 0 0 0 0 0 0 0 0 0 0 0 0 0 0 0 0 0 0 0 0 0 0 0 0 0 0 0 0 0 0 0 0 0 0 0 0 0 0 365.18502 127.884354 0 0 0 0 0 0 0 0 0 0 0 0 0 0 564.2727 0 0 0 0 0 0 0 0 0 0 0 0 765.6673 0 0 0 0 0 0 0 0 0 0 56.833156 0 0 0 0
"432" 0 0 0 0 0 0 0 0 0 0 0 0 0 0 0 0 0 0 0 0 0 0 0 0 0 0 0 753.58044 764.54334 0 0 0 0 0 0 0 0 0 0 0 0 0 0 0 0 0 0 0 0 0 0 0 0 0 0 0 0 0 0 0 0 0 0 0 0 0 0 0 0 289.35574 0 0 0 0 0 0 0 0 0 0 0 0 0 0 0 0 0 0 0 0 0 0 0 0 0 0 0 0 0 0 0 0 0 0 0 0 0 0 0 0 0 0 0 0 0 0 0 0 0 0 0 0 0 0 0 0 0 0 0 0 0 0 0 0 903.1405 0 0 0 0 0 0 0 0 0 0 0 0 0 0 0 0 0 0 0 0 0 0 0 0 0 0 0 0 0 0 0 0 0 0 0 0 0 0 0
"338" 0 0 0 0 0 0 0 0 0 0 0 0 0 0 51.834598 0 0 0 0 0 0 0 0 0 0 0 0 389.1446 0 0 0 0 0 0 0 0 0 0 0 0 0 0 0 0 0 57.43 0 0 0 0 0 0 0 0 0 0 0 0 0 0 0 385.4342 0 0 0 196.400208 0 0 0 256.0252 0 0 0 0 0 0 0 0 127.179802 0 0 0 0 163.860992 0 0 0 0 10.5262002 0 0 0 0 0 0 0 0 0 0 0 0 0 0 0 0 0 0 0 0 0 0 0 0 0 0 0 0 0 0 0 0 0 0 0 0 0 0 0 0 0 0 0 0 0 0 155.605194 0 0 0 0 0 0 0 0 0 0 277.0144 0 0 0 0 0 0 0 0 0 0 0 208.911 0 0 0 0 0 0 0 0 0 0 0 0 0 0 0
"775" 0 0 0 0 0 0 261.0997 0 0 0 0 0 0 0 0 0 0 0 0 0 0 0 0 0 0 0 0 0 0 0 0 0 0 0 0 0 0 0 0 0 0 0 0 0 0 0 0 0 0 0 0 0 0 0 0 0 0 0 0 0 0 0 0 0 0 0 0 0 1247.19532 0 0 0 0 0 0 0 0 0 0 0 0 0 0 0 0 0 0 0 0 0 0 0 0 0 0 0 0 0 0 0 0 0 0 0 0 0 0 0 0 1772.60876 0 0 0 0 0 0 0 0 0 0 0 0 0 0 0 0 0 0 0 0 0 0 0 0 0 5275.8198 0 0 0 0 0 0 0 0 0 0 0 0 0 0 0 0 9229.8956 0 0 0 0 0 0 0 0 0 0 0 0 0 0 760.89782 0 0 0 0 0 0
"341" 0 0 0 0 0 0 0 0 0 0 0 0 0 0 0 0 351.20214 0 0 0 0 0 0 0 0 0 0 362.80438 0 0 0 0 0 0 0 0 0 0 0 0 0 0 0 0 0 0 0 0 0 0 0 0 0 0 0 0 0 0 0 0 0 471.19776 0 0 0 379.1766 0 0 0 0 0 0 0 0 0 0 0 0 0 0 0 0 0 0 0 0 0 0 0 0 0 0 0 0 0 0 0 0 0 0 0 0 0 0 0 0 0 0 0 0 0 0 0 0 0 0 0 0 0 0 0 0 0 0 0 0 0 0 0 0 0 0 0 0 0 0 0 0 0 0 0 0 0 0 0 280.55744 0 0 0 0 0 0 0 0 0 0 0 0 0 0 0 0 0 0 0 0 0 0 0 0 0 0 0 0
"712" 0 0 0 0 0 0 0 0 0 0 0 0 0 0 0 0 0 0 0 0 0 0 0 0 0 0 0 0 0 0 0 0 0 0 0 0 0 0 0 0 0 0 0 0 0 0 0 0 0 0 0 0 0 0 0 0 0 0 0 0 0 0 0 0 0 0 0 0 0 0 0 0 0 0 0 0 0 0 720.0495 0 0 0 0 762.97692 0 0 0 0 0 0 0 0 0 0 0 0 0 0 0 0 0 0 0 0 0 0 0 0 0 0 0 0 0 0 0 0 0 0 0 0 0 0 0 0 0 0 0 0 0 0 0 0 0 0 0 0 0 0 0 0 0 0 0 0 0 0 0 0 0 0 0 0 0 0 0 0 0 0 0 0 0 0 0 0 0 0 0 0 0 0 0 0 0 0
"541" 0 0 0 0 0 0 795.4602 0 0 0 0 0 0 0 0 0 0 0 0 0 0 0 0 0 0 0 0 4502.7056 0 0 0 0 0 0 0 0 0 0 0 0 0 0 0 0 0 0 0 0 0 0 0 0 0 0 0 0 0 0 0 0 0 0 0 0 0 0 0 0 252.91836 4126.065 0 0 0 0 0 0 0 0 417.90626 0 0 0 0 222.85058 0 0 0 0 0 0 0 0 0 0 0 0 0 0 0 0 0 0 0 0 0 0 0 0 0 406.78756 0 0 0 0 0 0 0 0 799.75622 0 0 0 0 0 0 0 0 0 0 0 0 0 0 0 0 213.42204 0 0 0 0 0 0 0 0 0 0 0 0 0 0 0 0 433.65646 0 0 0 0 0 105.185974 223.3352 0 0 0 0 0 0 0 0 0 0 0 6601.854 0 8.3646354
"435" 0 0 0 0 0 0 0 0 0 0 0 0 0 0 0 0 0 0 0 0 0 0 0 0 0 0 0 1676.28906 26.965888 0 0 0 0 0 0 0 0 0 0 0 0 0 0 0 0 0 0 0 0 0 0 0 0 0 0 0 0 0 0 0 0 0 0 0 0 0 0 0 234.98378 0 0 0 0 0 0 0 0 0 57.788124 0 0 0 0 0 0 0 0 0 0 0 0 0 0 0 406.76086 0 0 0 0 0 0 0 0 0 0 0 0 0 0 0 0 0 0 0 0 0 0 0 0 0 0 0 0 0 0 0 0 0 0 0 0 0 0 0 0 0 0 0 0 0 0 0 0 0 0 0 0 0 0 0 0 0 0 0 0 0 0 0 201.95174 0 0 0 0 0 0 0 0 0 0 0 0 0 0 0
"590" 0 0 0 202.52282 0 0 274.43142 0 0 0 0 0 0 0 0 0 0 0 0 0 0 0 0 0 0 0 0 1792.79516 0 0 0 0 0 0 0 0 0 0 0 0 0 0 0 0 0 0 0 0 0 0 0 0 0 0 0 0 0 0 0 0 0 0 0 0 0 0 0 0 0 2341.1606 0 0 0 0 0 0 0 0 248.52868 0 0 0 0 0 0 0 0 0 0 0 0 0 0 0 0 0 0 0 0 0 0 0 0 0 0 0 0 0 0 198.325256 0 0 0 0 0 0 0 0 0 0 0 0 0 0 0 0 0 0 0 0 0 0 0 0 0 0 0 0 0 0 0 0 0 0 0 0 0 0 0 0 0 0 233.02458 0 0 0 0 0 0 186.943268 0 0 0 0 0 0 0 384.07568 0 0 0 0 0 0
"553" 0 0 0 0 0 0 0 0 0 0 0 0 0 0 0 0 0 0 0 0 0 0 0 0 0 0 0 382.635 0 0 0 0 0 0 0 0 0 0 0 0 0 0 0 0 0 0 0 0 0 0 0 0 0 0 0 0 0 0 0 0 0 0 0 0 0 0 0 0 0 534.8277 0 0 0 0 0 0 0 0 0 0 0 0 0 0 0 0 0 0 0 0 0 0 0 0 0 0 0 0 0 0 0 0 0 0 0 0 0 0 0 0 0 0 0 0 0 0 0 0 0 0 0 0 0 0 0 0 0 0 0 0 0 0 0 0 0 0 0 0 0 0 0 0 0 0 0 0 0 0 0 0 0 0 0 0 0 0 0 0 0 0 0 0 0 0 0 0 0 0 0 0 0 902.52282 0 0
"820" 0 0 0 0 0 0 12377.5372 0 0 0 0 0 0 0 0 0 0 0 0 0 0 0 0 0 0 0 0 0 0 0 0 0 0 0 0 0 0 0 0 0 0 0 0 0 0 0 0 0 0 0 0 0 0 0 0 0 0 0 0 0 0 0 0 0 0 0 0 0 16964.336 0 0 0 0 0 0 0 0 0 0 0 0 0 0 0 0 0 0 0 0 0 0 0 0 0 0 0 0 0 0 0 0 0 0 0 0 0 0 0 0 0 0 0 0 0 0 0 0 1786.02978 0 0 0 0 3156.4748 170.992188 0 0 0 0 0 0 0 0 0 0 0 52447.812 0 0 0 0 0 0 0 0 0 0 0 0 0 0 0 0 0 0 0 0 0 0 0 0 0 0 0 0 0 0 0 0 0 0 0 0 0 0
"565" 0 0 0 0 0 0 0 0 0 0 0 0 0 0 0 0 0 0 0 0 0 0 0 0 0 0 0 1131.31542 0 0 0 0 0 0 0 0 0 0 0 0 0 0 0 0 0 0 0 0 0 0 0 0 0 0 0 0 0 0 0 0 0 0 0 0 0 0 0 0 0 231.56588 0 0 0 0 0 0 0 0 0 0 0 0 0 16.7717438 0 0 0 0 0 0 0 0 0 0 0 0 0 0 0 0 0 0 0 0 0 0 0 0 0 0 0 0 0 0 0 0 0 0 0 0 0 0 0 0 0 0 0 0 0 0 0 0 0 0 0 245.13196 0 0 0 0 0 0 0 0 0 0 0 0 0 0 0 0 0 0 0 0 0 0 0 0 0 0 0 0 0 0 0 0 0 0 0 0 0 0
"436" 0 0 0 0 0 0 0 0 0 0 0 0 0 0 0 0 0 0 0 0 0 0 0 0 0 0 0 534.92718 0 0 0 0 0 0 0 0 0 0 0 0 0 0 0 0 0 0 0 0 0 0 0 0 0 0 0 0 0 0 0 0 0 0 0 0 0 0 0 0 0 0 0 0 0 0 0 0 0 0 0 0 0 0 0 0 0 0 0 0 0 0 0 0 0 0 0 0 0 0 0 0 0 0 0 0 0 0 0 0 0 0 0 0 325.41022 0 0 0 0 0 0 0 0 0 0 0 0 0 0 0 0 0 0 0 0 0 0 0 0 0 0 0 0 0 0 0 0 0 0 0 0 0 0 215.93712 0 0 0 0 0 0 0 0 0 0 0 0 0 0 0 0 0 0 0 0 0 0
"475" 0 0 0 2753.968 0 0 439.34448 0 0 0 0 0 0 0 0 0 0 0 0 0 0 0 0 0 0 0 0 35261.094 0 0 0 0 0 0 0 0 0 0 0 0 0 0 0 0 0 218.21824 0 0 0 0 0 0 0 0 0 0 0 0 0 0 0 0 0 0 0 0 0 0 1426.95666 6321.9594 0 0 0 0 208.34 0 0 0 1575.79528 0 0 0 0 3032.5652 0 0 0 0 0 0 0 0 0 0 288.90418 0 0 0 0 0 0 0 0 0 0 0 0 0 0 856.94042 0 0 0 0 0 0 0 610.83918 0 0 0 0 0 0 0 0 0 0 0 0 0 0 0 0 0 1011.43152 0 0 0 0 0 0 0 0 0 0 0 0 0 12.8753586 0 0 1818.54614 0 0 0 0 0 967.62354 473.8426 0 0 0 0 0 0 0 0 0 0 0 2143.4472 0 0
"93" 0 0 0 0 0 0 0 0 0 0 0 0 0 0 0 0 0 0 0 212.73308 0 0 0 0 0 0 0 1403.04578 0 0 0 0 0 0 0 1000.64562 0 0 0 177.340896 0 0 0 0 0 0 0 99.454522 0 0 0 0 136.381302 0 0 0 0 0 0 0 0 0 0 0 0 0 0 0 0 0 0 0 0 0 0 0 0 0 196.854264 0 0 0 0 400.9064 0 0 0 0 0 0 0 0 0 0 0 0 0 0 0 0 0 0 0 0 0 0 0 0 0 0 0 0 0 0 0 0 0 0 0 0 0 0 0 0 0 0 0 0 0 0 0 0 0 0 0 0 0 0 0 0 0 0 0 0 0 0 0 0 0 0 0 0 0 0 0 0 0 0 0 106.2006 0 0 0 0 0 0 2191.717 0 0 0 0 0 0 0
"210" 0 3515.371 0 2240.8334 0 126.145798 3983.541 5414.2666 299.81298 0 98589.876 19.5452004 0 5017.4048 1395.59876 310.5738 127.654404 228.9456 0 0 0 0 0 0 0 5986.686 0 157509.89 2100.5258 918.04718 173.4122 155.248794 0 0 0 0 0 222.2972 12580.8398 169457.796 0 9504.622 0 6180.0942 0 701.98876 0 18589.9394 686.75202 146.439606 9128.0372 0 46576.786 130.798996 0 49.4136 1608.38526 27.315 0 0 1662.03504 1224.94764 0 0 0 227.652 0 4828.8272 7737.5816 7992.3682 0 113.4934 4859.2524 4462.8858 10639.2608 21568.09 0 73.253998 24680.794 993.04998 1097.98938 0 1080.47424 9669.0166 5656.3642 0 62.543 0 3201.3364 384.887 0 2712.7644 2045.4132 1247.91004 984.68238 44.5238 310.71662 0 0 149.996796 0 113.783204 0 62.439202 0 212.1714 184.901596 0 0 12466.3662 197.671998 0 17333.459 0 0 47708.062 0 1380.88038 361.5766 1190.60522 0 0 4017.8126 223.4746 16523.5958 0 4661.852 0 1843.85706 3457.7146 66485.172 0 12784.7734 30.7106 86.559196 9001.9366 0 0 0 0 0 0 0 0 4143.1158 846.2038 17688.3652 0 0 0 0 69.7322 8671.1514 0 0 0 0 750.00062 7838.4902 9643.913 196.281402 253.557 2097.7802 0 0 18.9561996 0 5927.8452 0 0 41.4416 6597.4692 95.266404 176.820404
"385" 0 80.689826 0 58.659016 0 0 293.92044 0 0 0 0 0 0 425.68774 0 0 0 0 0 0 0 0 479.07016 0 0 0 0 17123.2676 0 521.20062 0 0 0 0 0 0 0 0 0 0 0 10864.1016 0 52.15514 0 61.96915 0 0 0 0 0 0 0 225.12746 0 0 0 0 0 0 0 0 0 0 0 0 0 0 367.97314 898.12262 0 0 0 487.9394 278.64536 0 0 0 4026.2626 0 0 0 0 3105.731 0 0 0 0 0 0 0 0 0 0 278.21768 0 0 0 0 0 0 0 0 0 0 0 0 0 0 658.20008 0 0 340.8402 0 0 0 0 0 0 188.87143 0 0 0 0 0 0 0 0 0 0 0 0 23.965848 0 0 1149.224 0 0 0 0 0 0 0 0 0 0 0 0 0 0 0 0.0175878034 1258.39356 0 0 0 0 0 1775.7522 1296.48266 0 0 0 0 0 0 0 806.41932 0 0 0 495.68872 0 0
"790" 0 0 0 0 0 0 0 0 0 0 0 0 0 0 0 0 0 0 0 0 0 0 0 0 0 0 0 0 0 0 0 0 0 0 0 0 0 0 0 0 0 0 0 0 0 0 0 0 0 0 0 0 0 0 0 0 0 0 0 0 0 0 0 0 0 0 0 0 0 0 0 0 0 0 0 0 0 0 0 0 0 0 0 0 0 0 0 0 0 0 0 0 0 0 0 0 0 0 0 0 0 0 0 0 0 0 0 0 0 0 0 0 0 0 0 0 0 0 0 0 0 0 0 0 0 0 0 0 0 0 0 0 0 0 0 212.51144 0 0 0 0 0 0 0 0 0 0 0 0 0 0 0 0 0 0 0 0 0 0 0 0 0 0 0 0 0 0 0 0 0 0 0 0 0 0
"920" 0 0 0 0 0 0 0 0 0 0 0 0 0 0 0 0 0 0 0 0 0 0 0 0 0 0 0 0 0 0 0 0 0 0 0 0 0 0 0 0 0 0 0 0 0 0 0 0 0 0 0 93.19152 0 0 0 0 0 0 0 0 0 0 0 0 0 0 0 0 0 0 0 0 0 0 0 0 0 0 0 0 0 0 0 0 0 0 0 0 0 0 0 0 0 0 0 0 0 0 0 0 0 0 0 0 0 0 0 0 0 0 0 0 0 0 0 0 0 0 0 0 0 0 0 0 0 0 0 0 0 0 0 0 0 0 0 0 0 0 0 0 0 0 0 0 0 0 0 0 0 0 0 0 0 0 0 0 0 0 0 0 0 0 0 0 0 0 0 0 0 0 0 0 0 0
"698" 0 0 0 0 0 0 734.06738 0 0 0 0 0 0 0 0 0 0 0 0 0 0 0 0 0 0 0 0 4719.1382 0 0 0 0 0 0 0 0 0 0 0 0 0 0 0 0 0 0 0 0 0 0 0 0 0 0 0 0 0 0 0 0 0 0 0 0 0 0 0 0 538.23456 5190.0796 0 0 0 0 0 0 0 0 7761.1334 0 0 0 0 2577.605 0 0 0 0 0 23.963546 0 0 0 0 0 0 0 0 0 0 0 0 0 0 0 0 0 0 0 594.09668 0 0 0 0 0 0 0 182.20285 0 491.6651 0 0 0 0 0 0 0 0 0 0 0 0 0 0 0 366.62292 0 0 0 0 0 0 0 0 0 0 0 0 0 0 0 0 1431.68176 0 0 0 0 0 0 342.012 0 0 0 0 0 0 0 0 0 0 0 0 0 0
"770" 0 0 0 0 0 0 834.58674 0 0 0 0 0 0 117.624718 0 0 0 0 0 0 0 0 0 0 0 0 0 0 0 0 0 0 0 0 0 0 0 0 0 0 0 0 0 0 0 0 0 0 0 0 0 0 0 0 0 0 0 0 0 0 0 0 0 0 0 0 0 0 4499.6474 0 0 0 0 0 0 0 0 0 0 0 0 0 0 0 0 0 0 0 0 160.98056 0 0 0 0 0 0 0 0 0 0 0 0 0 0 0 0 0 0 0 2683.2168 0 0 0 0 0 0 0 174.152756 0 0 0 0 108.451042 0 0 0 0 0 0 0 0 0 0 0 0 2570.9246 0 0 0 0 0 0 0 0 0 0 0 0 0 0 0 0 1908.22534 0 0 0 0 0 0 0 0 0 0 0 0 0 0 621.80616 0 0 0 0 0 0
"95" 0 0 0 0 0 0 0 0 0 0 68.854332 0 0 0 0 0 0 0 0 239.90914 0 0 0 0 0 72.315072 183.698868 2737.7636 0 0 0 0 757.18848 0 0 0 0 0 0 470.1785 0 0 0 0 83.196694 0 0 668.95966 0 0 0 0 324.27462 0 199.569428 0 0 0 0 0 0 0 0 0 0 0 0 0 0 150.06807 0 0 0 0 0 884.20062 0 0 546.54968 0 0 0 0 918.081 0 0 0 0 0 0 0 0 0 0 0 0 0 0 0 0 0 0 0 0 0 0 0 0 0 31.72594 0 0 0 0 119.772942 0 0 0 0 0 0 169.69513 0 0 0 0 0 0 0 0 0 0 0 0 0 0 0 0 0 0 0 0 0 0 0 0 0 0 0 0 0 0 376.82492 0 0 0 0 0 0 0 0 0 0 0 0 0 0 0 0 0 0 30.66493 0 0
"135" 0 0 0 0 2757.0252 0 290.92228 286.9466 0 0 612.31604 0 0 0 0 0 0 0 1380.45582 4389.5132 0 0 0 0 0 445.12568 2819.8898 19619.246 0 0 0 0 0 0 0 0 0 0 0 3322.0918 0 158.622222 0 0 0 0 0 1680.02966 0 0 299.15664 0 761.65992 0 731.58068 0 0 0 0 0 0 0 0 0 0 0 0 0 614.41858 1839.42224 0 0 0 0 0 1426.80566 0 0 2444.189 0 0 0 0 3041.6372 0 0 0 0 0 0 0 0 0 0 0 0 0 0 0 0 0 0 0 0 0 0 0 0 0 371.86706 0.0064679998 0 1168.9635 0 356.40052 47.637954 0 283.76162 0 0 0 0 0 0 179.76352 0 0 302.25202 0 0 701.86274 0 347.33768 0 0 116.447716 0 0 0 0 0 0 0 0 0 0 471.35522 0 0 0 0 0 1322.23182 0 0 0 0 0 650.4143 930.5758 0 0 0 330.19132 0 0 0 583.117 0 0 0 0 0 0
"840" 0 0 0 0 0 0 1723.32312 0 0 0 0 0 0 0 0 0 0 0 0 0 0 0 0 0 0 0 0 0 0 0 0 0 0 0 0 0 0 0 0 0 0 0 0 0 0 0 0 0 0 0 0 0 0 0 0 0 0 0 0 0 0 0 0 0 0 0 0 0 6599.853 0 0 0 0 0 0 0 0 0 0 0 0 0 0 0 0 0 0 0 0 0 0 0 0 0 0 0 0 0 0 0 0 0 0 0 0 0 0 0 0 0 0 0 0 0 0 0 0 926.68182 0 0 0 0 0 0 0 0 0 0 0 0 0 0 0 0 0 0 0 0 0 0 0 0 0 0 0 0 0 0 0 0 0 0 0 0 0 0 0 0 0 0 0 0 0 0 0 0 0 0 0 0 0 0 0 0
"910" 0 0 0 0 0 0 0 0 0 0 0 0 0 0 0 0 0 0 0 0 0 0 0 0 0 0 0 0 0 0 0 0 0 0 0 0 0 0 0 0 0 0 0 0 0 0 0 0 0 0 0 0 0 0 0 0 0 0 0 0 0 0 0 0 0 0 0 0 0 0 0 0 0 0 0 0 0 0 0 0 0 0 0 0 0 0 0 0 0 0 0 0 0 0 0 0 0 0 0 0 0 0 0 0 0 0 0 0 0 0 0 0 0 0 0 0 0 372.7902 0 0 0 0 0 0 0 0 0 0 0 0 0 0 0 0 0 0 0 0 0 0 0 0 0 0 0 0 0 0 0 0 0 0 0 0 0 0 0 0 0 0 0 0 0 0 0 0 0 0 0 0 0 0 0 0
"290" 0 0 0 238.0004 0 0 641.64362 10050.4414 62.456002 0 0 0 0 481.6962 991.69178 0 95.181 1653.63538 0 0 0 0 0 0 0 0 0 27539.934 324.15702 0 0 0 0 0 0 0 0 774.54218 17707.045 0 0 5915.0336 0 112.412002 0 177.4702 0 0 498.4654 0 3891.948 0 0 0 0 53.766998 0 0 0 0 0 847.71258 0 0 0 244.5068 0 7399.9102 774.28118 2442.5422 0 0 0.86839998 91.593598 512.5694 23083.502 0 0 2677.075 3370.228 0 0 0 6409.419 0 0 0 0 0 0 0 3133.7164 0 974.95562 174.046006 257.78202 0 0 0 0 0 0 0 0 0 0 0 0 0 1379.625 0 0 40.41 0 0 2189.1232 0 43.369998 0 217.3146 0 0 197.8732 0 0 0 0 0 0 3008.127 38306.868 0 46.4156 0 0 941.86738 0 0 0 0 0 0 0 0 11711.169 2050.2728 10595.1114 0 0 0 0 0 1061.49842 0 0 0 0 190.389008 3893.729 2027.8624 0 0 4355.1894 0 0 55.602002 0 783.79682 0 0 0 314.23722 0 0
"731" 0 0 0 0 0 0 0 0 0 0 0 0 0 0 0 0 0 0 0 0 0 0 0 0 0 0 0 0 0 0 0 0 0 0 0 0 0 0 0 0 0 0 0 0 0 0 0 0 0 0 0 0 0 0 0 0 0 0 0 0 0 0 0 0 0 0 0 0 0 165.622024 0 0 0 0 0 0 0 0 0 0 0 0 0 0 0 0 0 0 0 0 0 0 0 0 0 0 0 0 0 0 0 0 158.626464 0 0 0 0 0 0 0 0 0 0 0 0 0 0 0 0 0 0 0 0 0 0 0 0 0 0 0 0 0 0 0 0 0 0 0 0 0 0 0 0 0 0 0 0 0 0 0 0 0 233.41358 0 0 0 0 0 0 0 0 0 0 0 0 0 0 0 0 0 0 0 0 0
"235" 0 4254.6186 0 40.5234 0 0 34.407002 739.32818 1214.13196 0 0 0 0 0 290.55662 0 0 0 0 0 0 0 0 0 0 0 0 4301.247 0 447.0578 0 748.58258 0 0 0 0 0 0 1081.6316 19325.4434 0 681.11578 0 1879.88342 0 224.092 0 0 0 0 414.22558 0 0 0 0 0 324.79862 0 0 0 571.25 302.63558 0 0 0 0 0 662.14282 308.1774 1284.20776 0 0 354.4136 0 322.3562 8179.7486 0 0 659.34418 2144.177 0 0 0 738.7024 0 0 0 0 0 0 0 181.356002 0 0 361.1236 0 0 0 0 0 0 0 0 0 0 90.462998 0 0 0 171.018798 0 0 1474.49 0 0 151.944 0 0 0 250.6478 0 0 0 0 1400.1836 0 0 0 0 350.44738 1757.19396 0 2035.4522 0 0 94.325402 0 0 0 0 0 0 0 0 432.1034 117.324996 1765.14538 0 0 0 0 0 321.072 0 0 0 0 31.4488 1029.0094 339.8746 0 0 632.25158 0 0 0 0 495.4298 0 0 0 315.92582 0 0
"150" 0 0 0 0 3616.1556 0 0 0 0 0 0 0 0 3.759899 0 0 0 0 0 0 0 0 0 0 0 0 320.43424 6414.207 0 0 0 0 0 0 0 0 0 0 0 556.8319 0 0 0 0 0 0 0 249.7599 0 0 0 0 265.05716 0 127.297782 0 0 0 0 0 0 0 0 0 0 0 0 0 0 231.69792 0 0 0 0 0 173.77333 0 0 521.87244 0 0 0 0 546.89856 0 0 0 0 0 0 0 0 0 0 0 0 0 0 0 0 0 0 0 0 0 0 0 0 0 0 0 0 0 0 268.73826 0 0 0 0 0 0 0 0 0 17.387062 0 0 0 0 0 198.716964 0 0 0 0 0 0 0 0 0 0 0 0 0 0 0 0 0 0 0 0 0 106.64927 0 0 0 0 0 84.345664 0 0 0 0 278.9144 0 0 0 0 0 0 0 0 0 0
"694" 0 0 0 4169.9282 0 0 987.34576 0 0 0 0 0 0 65.989266 0 0 0 0 0 0 0 0 0 0 0 0 0 5202.1494 0 0 0 0 0 0 0 0 0 0 0 0 0 0 0 0 0 0 0 0 0 0 0 0 0 0 0 0 0 0 0 0 0 0 0 0 0 0 0 0 203.38928 2787.3334 0 0 0 0 0 0 0 0 3395.8088 0 0 0 0 1989.86878 0 0 0 0 0 0 0 0 0 0 0 0 0 0 0 0 0 0 0 0 0 0 0 0 0 797.9851 0 0 0 0 0 0 0 57.86042 708.60778 199.18863 0 0 49.945476 0 0 0 0 0 0 0 0 0 0 0 0 505.90228 0 0 0 0 0 0 0 0 0 0 0 0 0 0 0 0 952.88514 0 0 0 0 0 0 265.4498 0 0 0 0 0 0 0 0 0 0 0 0 0 0
"360" 0 0 0 180.8452 0 0 48.2798 0 138.569794 0 0 0 0 0 0 0 0 189.9346 0 0 0 0 0 0 0 0 0 6191.5142 0 0 0 0 0 0 0 0 0 0 0 0 0 828.3988 0 1.31959998 0 203.6802 0 0 0 0 408.7904 0 0 0 0 10.8644 0 0 0 0 0 0 0 0 0 0 0 0 249.526 591.34338 0 13.2222004 0 0 202.4008 0 0 14.7891998 566.46722 6116.0674 0 0 0 1233.85302 0 0 6.4836002 0 68.117798 0 0 164.716996 0 0 297.7746 0 0 0 0 0 0 0 0 0 0 0 0 0 0 197.405594 0 0 0 0 0 65.725402 0 0 0 53.062802 0 0 0 0 0 0 0 0 0 0 6069.253 0 25.2336 0 0 63.471802 0 0 0 0 0 0 0 0 0 0 1003.75518 0 0 0 0 0 341.9534 0 0 0 0 118.3974 5174.4454 363.2658 0 0 1197.4054 0 0 0 0 177.669602 0 0 0 88.9514 0 0
"365" 25.794166 0 0 519.07758 0 626.94018 1346.25538 0 1272.01722 0 0 0 0 1324.68006 0 0 0 23488.126 0 0 0 0 0 0 0 0 0 102270.774 460.89756 0 0 0 0 0 0 0 0 0 0 0 0 3209.1126 0 19.9928608 0 1079.78088 0 0 3227.3646 0 9136.4794 0 0 0 0 671.52472 205.38212 0 0 0 0 0 0 0 0 0 0 0 3299.2938 6343.4522 0 704.58368 0.027226 511.2478 2282.872 0 0 27.476318 21850 14193.8876 300.19226 147.617126 257.78254 18043.8632 0 0 27.35632 0 1.73615598 810.70508 0 1958.573 0 1302.57092 1216.453 0 0 0 0 0 0 0 0 0 80.787406 0 0 0 0 2916.5874 0 0 33.052368 0 0 2301.4528 0 480.8407 0 621.70996 0 0 756.86962 0 0 20.089882 0 0 0 0 0 0 534.0257 2.3005518 0 1208.4624 0 0 0 0 0 0 0 0 0 0 6478.5982 0 0 14.2331962 0 16.0398808 4464.3642 74.544044 181.859222 0 0 260.07422 13300.3018 3373.3372 100.743614 0 21451.49 0 0 1749.32812 0 4591.8384 0 0 0.91933602 1384.22302 0 0
"517" 0 0 0 252.53804 0 0 0 0 0 0 0 0 0 0 0 0 0 0 0 0 0 0 0 0 0 0 0 326.00512 0 0 0 0 0 0 0 0 0 0 0 0 0 0 0 0 0 0 0 0 0 0 0 0 0 0 0 0 0 0 0 0 0 0 0 0 0 0 0 0 0 296.77624 0 0 0 0 0 0 0 0 0 0 0 0 0 0 0 0 0 0 0 0 0 0 0 0 0 0 0 0 0 0 0 0 0 0 0 0 0 0 0 0 0 0 0 0 0 0 0 0 0 0 0 0 0 0 0 0 0 0 0 0 0 0 0 0 0 0 0 0 0 0 0 0 0 0 0 0 0 0 0 0 0 0 0 0 0 0 0 0 0 0 0 0 0 0 0 0 0 0 0 0 0 0 0 0
"670" 0 0 0 7388.6254 0 0 4446.496 0 0 0 0 0 0 284.65638 0 2705.236 0 0 0 0 0 0 0 0 0 0 0 47152.378 0 0 0 0 0 0 0 0 0 0 0 0 0 0 0 0 0 0 0 0 0 0 0 0 0 0 0 0 0 0 0 0 0 0 0 0 0 0 0 0 4743.9156 28153.888 0 0 0 0 0 0 0 0 16681.2012 0 0 0 0 18232.5254 1054.92872 0 0 0 0 161.543746 0 0 0 0 0 0 0 0 0 0 0 0 0 0 0 0 0 0 0 2578.1724 0 0 0 0 0 0 2.9839254 1382.58204 5490.539 1471.39794 0 0 200.06924 0 0 217.30394 0 0 2634.128 0 0 0 0 0 0 2793.429 0 0 0 0 0 0 0 0 0 0 0 0 0 0 0 0 6775.479 0 0 0 0 0 0 4455.3038 0 0 0 0 0 0 0 1176.20972 0 0 761.89794 0 0 0
"625" 0 0 0 1403.90442 0 0 377.33294 0 0 0 0 0 0 0 0 0 0 0 0 0 0 0 0 0 0 0 0 4275.1562 0 0 0 0 0 0 0 0 0 0 0 0 0 0 0 0 0 861.78968 0 0 0 0 0 0 0 0 0 0 0 0 0 0 0 0 0 0 0 0 0 0 0 1936.85608 0 0 0 0 0 0 0 162.70456 108.715844 0 0 0 0 309.79374 198.411912 0 0 0 0 0 0 0 0 0 0 0 0 0 0 0 0 0 0 0 0 0 0 0 0 0 0 0 0 0 0 0 0 0 0 210.98606 0 0 0 0 0 0 0 0 0 0 0 0 1454.59106 0 0 0 0 0 0 0 0 0 0 0 0 0 0 0 0 0 0 0 349.69858 0 0 0 0 0 677.31854 0 0 0 0 0 0 0 0 0 0 0 339.28872 0 0 0
"433" 0 0 0 234.26674 0 0 0 0 0 0 0 0 0 0 0 0 0 0 0 0 0 0 0 0 0 0 0 957.06348 259.3158 0 0 0 0 0 0 0 0 0 0 0 0 0 0 0 0 0 0 0 0 0 0 0 0 0 0 0 0 2.27862 0 0 0 0 0 0 0 0 0 0 0 697.4309 0 0 0 0 0 0 0 0 224.47178 0 0 0 0 0 0 0 0 0 0 0 0 0 0 0 0 0 0 0 0 0 0 0 0 0 0 0 0 0 0 0 0 0 1046.12928 0 0 0 0 0 0 0 0 0 0 0 0 0 0 0 0 0 0 0 0 0 0 0 0 0 0 0 0 0 0 0 0 0 0 0 0 0 0 0 208.55318 0 0 0 0 0 558.17712 0 0 0 0 0 0 0 0 0 0 0 0 253.84376 0 0
"830" 0 0 0 0 0 0 9362.5312 0 0 0 0 0 0 0 0 0 0 0 0 0 0 0 0 0 0 0 0 0 0 0 0 0 0 0 0 0 0 0 0 0 0 0 0 0 0 0 0 0 0 0 0 14.23063 0 0 0 0 0 0 0 0 0 0 0 0 0 0 0 0 37578.652 0 0 0 0 0 0 0 0 0 0 0 0 0 0 0 0 0 0 0 0 0 0 0 0 0 0 0 0 0 0 0 0 0 0 0 0 0 0 0 0 0 0 0 0 0 0 0 0 1776.4353 0 0 0 0 9989.4366 49.86596 0 0 0 0 0 0 0 0 0 0 0 0 0 0 0 0 0 0 0 0 0 0 0 0 0 0 0 0 0 0 0 0 0 0 0 0 0 0 0 0 0 0 0 0 3.7519876 0 0 0 0 0
"940" 0 0 0 0 0 0 0 0 0 0 0 0 0 0 0 0 0 0 0 0 0 0 0 0 0 0 0 0 0 0 0 0 0 0 0 0 0 0 0 0 0 0 0 0 0 0 0 0 0 0 0 0 0 0 0 0 0 0 0 0 0 0 0 0 0 0 0 0 0 0 0 0 0 0 0 0 0 0 0 0 0 0 0 0 0 0 0 0 0 0 0 0 0 0 0 0 0 0 0 0 0 0 0 0 0 0 0 0 0 0 0 0 0 0 0 0 0 0 0 0 0 0 0 0 0 0 0 0 0 0 0 0 0 0 0 0 0 0 0 0 0 0 0 0 0 0 0 0 0 0 0 0 0 0 0 0 0 0 0 0 0 0 0 0 0 0 0 0 0 0 0 0 0 0
"451" 0 0 0 0 0 0 0 0 0 0 0 0 0 0 0 0 0 0 0 0 0 0 0 0 0 0 0 367.60482 0 0 0 0 0 0 0 0 0 0 0 0 0 0 0 0 0 0 0 0 0 0 0 0 0 0 0 0 0 0 0 0 0 0 0 0 0 0 0 0 0 184.094162 0 0 0 0 0 0 0 0 0 0 0 0 0 0 0 0 0 0 0 0 0 0 0 0 0 0 0 0 0 0 0 0 0 0 0 0 0 0 0 0 0 0 0 0 0 0 0 0 0 0 0 0 0 0 0 0 0 0 0 0 0 0 0 0 0 0 0 0 0 0 0 0 0 0 0 0 0 0 0 0 0 0 0 0 0 0 0 0 0 0 0 0 0 0 0 0 0 0 0 0 0 0 0 0
"92" 0 0 0 0 0 0 0 0 0 0 0 0 0 0 0 0 0 0 0 298.01444 0 0 0 0 0 0 0 1771.52746 0 0 0 0 218.72512 0 0 524.93878 0 0 0 303.08994 0 0 0 0 0 0 0 244.15928 0 0 0 0 0 0 0 0 0 0 0 0 0 0 0 0 0 0 0 0 0 190.533158 0 0 0 0 0 0 0 0 305.03464 0 0 0 0 342.8301 0 0 0 0 0 0 0 0 0 0 0 0 0 0 0 0 0 0 0 0 0 0 0 0 0 0 0 0 0 424.6569 0 0 0 0 0 0 301.87824 0 0 0 0 0 0 0 0 0 0 0 0 0 0 0 0 0 0 0 0 0 0 0 0 0 0 0 0 0 0 0 0 0 0 0 0 0 0 298.29696 0 0 0 0 0 0 262.40884 0 0 0 0 0 0 0
"520" 0 0 0 171.435546 0 0 0 0 0 0 0 0 0 0 0 0 0 0 0 0 0 0 0 0 0 0 0 460.49524 0 0 0 0 0 0 0 0 0 0 0 0 997.55164 0 0 0 0 0 0 0 0 0 0 0 0 0 0 0 0 0 0 0 0 0 0 0 0 0 0 0 0 737.64746 0 0 0 0 0 0 0 0 0 0 0 0 0 0 0 0 0 0 0 0 0 0 0 0 0 0 0 0 0 0 0 0 0 0 0 0 0 0 0 0 0 0 0 0 0 0 0 0 727.42388 235.52102 0 0 0 0 0 0 0 0 0 0 0 0 0 0 0 0 0 0 0 0 0 0 0 0 0 0 0 0 0 0 0 0 0 0 0 0 0 0 0 0 0 0 0 0 0 0 0 0 0 0 167.731232 0 0 0
"345" 0 0 0 0 0 0 0 0 0 0 0 0 0 0 0 0 0 0 0 0 0 0 0 0 0 0 0 0 0 0 0 0 0 0 0 0 0 0 0 0 0 0 0 0 0 0 0 0 0 0 0 0 0 0 0 0 0 0 0 0 0 0 0 0 0 0 0 0 0 0 0 0 0 0 0 0 0 0 0 0 0 0 0 0 0 0 0 0 0 0 0 0 0 0 0 0 0 0 0 0 0 0 0 0 0 0 0 0 0 0 0 0 0 0 0 0 0 0 0 0 0 0 0 0 0 0 0 0 0 0 0 0 0 0 0 0 0 0 0 0 0 0 0 0 0 0 0 0 0 0 0 0 0 0 0 0 0 0 0 0 0 0 0 0 0 0 0 0 0 0 0 0 0 0
"626" 0 0 0 0 0 0 0 0 0 0 0 0 0 0 0 0 0 0 0 0 0 0 0 0 0 0 0 136.80661 0 0 0 0 0 0 0 0 0 0 0 0 0 0 0 0 0 0 0 0 0 0 0 0 0 0 0 0 0 0 0 0 0 0 0 0 0 0 0 0 0 0 0 0 0 0 0 0 0 0 0 0 0 0 0 0 0 0 0 0 0 0 0 0 0 0 0 0 0 0 0 0 0 0 0 0 0 0 0 0 0 0 0 0 0 0 0 0 0 0 0 0 0 0 0 0 0 0 0 0 0 0 0 0 0 0 0 0 0 0 0 0 0 0 0 0 0 0 0 0 0 0 0 0 0 0 0 0 0 0 0 0 0 0 0 0 0 0 0 0 0 0 0 0 0 0
"403" 0 0 0 0 0 0 0 0 0 0 0 0 0 0 0 0 0 0 0 0 0 0 0 0 0 0 0 0 0 0 0 0 0 0 0 0 0 0 0 0 0 0 0 0 0 0 0 0 0 0 0 0 0 0 0 0 0 0 0 0 0 0 0 0 0 0 0 0 0 0 0 0 0 0 0 0 0 0 0 0 0 0 0 0 0 0 0 0 0 0 0 0 0 0 0 0 0 0 0 0 0 0 0 0 0 0 0 0 0 0 0 0 0 0 0 0 0 0 0 0 0 0 0 0 0 0 0 0 0 0 0 0 0 0 0 0 0 0 0 0 0 0 0 0 0 0 0 0 0 0 0 0 0 0 0 0 0 0 0 0 0 0 0 0 0 0 0 0 0 0 0 0 0 0
"115" 0 0 0 1.15724074 0 0 0 0 0 0 70.015876 0 0 0 0 0 0 0 0 0 0 0 0 0 0 0 0 429.32366 0 0 0 0 0 0 0 0 0 0 0 0 0 0 0 0 0 0 0 0 0 0 0 0 27.27186 0 0 0 0 0 0 0 0 0 0 0 0 0 0 0 0 0 0 0 0 0 0 0 0 0 0 0 0 0 0 0 0 0 0 0 0 0 0 0 0 0 0 0 0 0 0 0 0 0 0 0 0 0 0 0 0 0 0 0 0 0 603.81616 0 0 0 0 0 0 0 0 0 0 0 0 0 0 0 0 0 0 0 0 0 0 0 0 0 0 0 0 0 0 0 0 0 0 0 0 0 0 0 0 0 0 0 0 0 0 0 0 0 0 0 0 0 0 0 0 0 0 0
"317" 0 0 0 2.023 0 0 73.939796 0 0 0 0 0 0 0 324.44738 0 121.160004 144.010804 0 0 0 0 0 0 0 0 0 6620.565 0 0 0 0 0 0 0 0 0 0 0 0 0 677.66938 0 0 0 122.754204 0 0 209.7194 0 425.3014 0 0 0 0 0 0 0 0 0 0 162.407592 0 0 0 403.5832 0 0 0 332.3078 0 0 0 0 39.170398 5650.4126 0 0 773.33362 32.726002 0 0 0 6722.7022 0 0 0 0 0 0 0 173.537002 0 134.748002 81.898804 0 0 0 0 139.451202 0 0 0 0 0 0 0 0 0 831.29322 0 0 0 0 0 19.9650002 0 0 0 0 0 0 0 0 0 0 0 0 0 2550.486 12703.3096 0 0 0 0 0 0 0 0 0 0 0 0 0 0 3253.1282 1110.23278 0 0 0 0 0 410.7308 0 0 0 0 145.3376 1196.26562 851.13378 0 0 1435.88184 0 0 0 0 713.49042 0 0 0 7.1767998 0 0
"349" 0 0 0 6.1432 0 0 2.9952 0 0 0 0 0 0 0 208.4174 0 0 29.3136 0 0 0 0 0 0 0 0 0 3013.0958 0 0 0 0 0 0 0 0 0 0 0 0 0 208.805 0 64.215202 0 191.348206 0 0 0 0 118.385598 0 0 0 0 0 0 0 0 0 0 214.974 0 0 0 0 0 0 0 435.33578 0 0 0 0 422.08622 0 0 0 189.278794 58.969002 0 0 0 3117.2012 0 0 0 0 0 0 0 119.740402 0 0 510.38 0 0 0 0 0 0 0 0 0 0 0 0 0 0 211.892 0 0 0 0 0 72.369202 0 0 0 0 0 0 0 0 0 0 0 0 0 727.8758 1112.1012 0 79.986396 0 0 0 0 0 0 0 0 0 0 0 0 0 365.6088 0 0 0 0 0 0 0 0 0 0 0 2429.4682 263.93838 0 0 47.289398 0 0 0 0 0 0 0 0 0 0 0
"380" 0 126.315804 0 128.6176 0 0 594.33722 0 0 0 0 0 0 797.26818 0 0 0 0 0 0 0 0 0 0 0 0 0 17820.0332 0 0 0 0 0 0 0 0 0 0 0 0 0 23711.802 0 79.931 0 90.603202 0 0 0 0 0 0 0 0 0 0 12.1205998 0 0 0 0 0 0 0 0 0 0 0 344.4354 1526.35096 0 20.1648 132.697998 48.1086 350.8226 0 0 0 3184.4542 96.024398 0 0 0 1776.11036 0 0 0 0 0.086599998 122.012002 0 0 0 0 98.9926 0 0 0 0 0 0 0 0 0 0 0 0 0 0 819.80018 0 0 3468.2474 0 0 24510.856 0 114.674798 2.805 291.4122 0 0 68.949402 0 0 0 0 0 319.91822 0 0 0 262.51362 0 0 341.18978 0 0 0 0 0 0 0 0 0 0 0 0 0 0 0 0 1216.42224 0 0 0 0 83.1156 2898.9334 1723.31324 0 0 0 0 0 0 0 1974.40784 0 0 0 565.39838 0 0
"572" 0 0 0 0 0 0 0 0 0 0 0 0 0 0 0 0 0 0 0 0 0 0 0 0 0 0 0 69.435058 0 0 0 0 0 0 0 0 0 0 0 0 0 0 0 0 0 0 0 0 0 0 0 0 0 0 0 0 0 0 0 0 0 0 0 0 0 0 0 0 0 52.703842 0 0 0 0 0 0 0 0 0 0 0 0 0 0 0 0 0 0 0 0 0 0 0 0 0 0 0 0 0 0 0 0 0 0 0 0 0 0 0 0 0 0 0 0 0 0 0 0 0 0 0 0 0 0 0 0 0 0 0 0 0 0 0 0 0 0 0 0 0 0 0 0 0 0 0 0 0 0 0 0 0 0 0 0 0 0 0 0 0 0 0 0 0 0 0 0 0 0 0 0 0 0 0 0
"591" 0 0 0 0 0 0 0 0 0 0 0 0 0 0 0 0 0 0 0 0 0 0 0 0 0 0 0 0 0 0 0 0 0 0 0 0 0 0 0 0 0 0 0 0 0 0 0 0 0 0 0 0 0 0 0 0 0 0 0 0 0 0 0 0 0 0 0 0 0 0 0 0 0 0 0 0 0 0 0 0 0 0 0 0 0 0 0 0 0 0 0 0 0 0 0 0 0 0 0 0 0 0 0 0 0 0 0 0 0 0 0 0 0 0 0 0 0 0 0 0 0 0 0 0 0 0 0 0 0 0 0 0 610.49938 0 0 0 0 0 0 0 0 0 0 0 0 0 0 0 0 0 0 0 0 0 0 0 0 0 0 0 0 0 0 0 0 0 0 0 0 0 0 0 0 0
"652" 0 0 0 4758.6656 0 0 0 0 0 0 0 0 0 0 0 0 0 0 0 0 0 0 0 0 0 0 0 2167.0036 0 0 0 0 0 0 0 0 0 0 0 0 0 0 0 0 0 0 0 0 0 0 0 0 0 0 0 0 0 0 0 0 0 0 0 0 0 0 0 0 0 477.47196 0 0 0 0 0 0 0 492.0926 0 0 0 0 0 930.18738 1142.72558 0 650.53234 0 0 0 0 0 0 0 0 0 0 0 0 0 0 0 0 0 0 0 0 0 0 0 0 0 0 0 0 0 0 0 0 0 0 0 0 0 0 0 0 0 0 0 0 0 9683.1426 0 0 0 0 0 0 0 0 0 0 0 0 0 0 0 0 0 0 0 0 0 0 0 0 0 0 0 0 0 0 0 0 0 0 0 0 0 0 0 0 0
"483" 0 0 0 0 0 0 0 0 0 0 0 0 0 0 0 0 0 0 0 0 0 0 0 0 0 0 0 722.77216 0 0 0 0 0 0 0 0 0 0 0 0 0 0 0 0 0 0 0 0 0 0 0 0 0 0 0 0 0 0 0 0 0 0 0 0 0 0 0 0 0 0 0 0 0 0 0 0 0 0 5.2708926 0 0 0 0 0 0 0 0 0 0 0 0 0 0 0 0 0 0 0 0 0 0 0 0 0 0 0 0 0 0 0 0 0 0 0 0 0 0 0 0 0 0 0 0 0 0 0 0 0 0 0 0 0 0 0 0 0 0 0 0 0 0 0 0 0 0 0 0 0 0 0 0 0 0 0 0 0 0 0 0 0.90420002 0 0 0 0 0 0 0 0 0 0 0 0 0 0
"461" 0 0 0 0 0 0 0 0 0 0 0 0 0 0 0 0 0 0 0 0 0 0 0 0 0 0 0 3402.1254 0 0 0 0 0 0 0 0 0 0 0 0 0 0 0 0 0 0 0 0 0 0 0 0 0 0 0 0 0 0 0 0 0 0 0 0 0 0 0 0 196.792404 821.35668 0 0 0 0 331.0614 0 0 0 0 0 0 0 0 0 0 0 17.2310142 0 0 0 0 0 0 0 0 0 0 0 0 0 0 0 0 0 0 0 0 0 0 216.32722 0 0 30.062968 0 0 0 0 0 0 0 0 0 0 0 0 0 0 0 0 0 0 0 0 0 0 0 0 0 0 0 0 0 0 0 0 0 0 0 0 0 0 0 198.12062 0 0 0 0 0 0 0 0 0 0 0 0 0 0 0 0 0 0 0 0 0
"800" 0 0 0 0 0 0 10851.6622 0 0 0 0 0 0 0 0 0 0 0 0 0 0 0 0 0 0 0 0 0 0 0 0 0 0 0 0 0 0 0 0 0 0 0 0 0 0 0 0 0 0 0 0 0 0 0 0 0 0 0 0 0 0 0 0 0 0 0 0 0 14579.3038 0 0 0 0 0 0 0 0 0 0 0 0 0 1180.15162 0 0 2823.5882 0 0 0 0 0 0 0 0 0 0 0 0 0 0 0 0 0 0 0 0 0 0 0 25519.956 0 0 0 0 0 0 0 1523.8003 0 0 0 0 5229.1778 298.70144 0 0 0 0 0 0 0 0 0 0 0 15787.7852 0 0 0 0 0 0 0 0 0 0 0 0 0 0 0 0 0 0 0 0 0 0 0 0 0 0 0 0 0 0 0 7881.2574 0 0 0 0 0 0
"702" 0 0 0 0 0 0 0 0 0 0 0 0 0 0 0 0 0 0 0 0 0 0 0 0 0 0 0 5446.1084 0 0 0 0 0 0 0 0 0 0 0 0 0 0 0 0 0 0 0 0 0 0 0 0 0 0 0 0 0 0 0 0 0 0 0 0 0 0 0 0 0 0 0 0 0 0 0 0 0 0 0 1221.59936 0 0 0 0 0 0 0 0 0 0 0 0 0 0 0 0 0 0 0 0 0 0 0 0 0 0 0 0 0 0 0 0 0 0 0 0 0 0 0 0 0 0 0 0 0 0 0 0 0 0 0 0 0 0 0 0 0 0 0 0 0 0 0 0 0 0 0 0 0 0 0 0 0 0 0 0 0 0 0 0 0 0 0 0 0 185.010422 0 0 0 0 0 0 0 0
"701" 0 0 0 0 0 0 0 0 0 0 0 0 0 0 0 0 0 0 0 0 0 0 0 0 0 0 0 2138.6136 0 0 0 0 0 0 0 0 0 0 0 0 0 0 0 0 0 0 0 0 0 0 0 0 0 0 0 0 0 0 0 0 0 0 0 0 0 0 0 0 0 221.19796 0 0 0 0 0 0 0 0 0 381.15128 0 0 0 424.57172 0 0 0 0 0 0 0 0 0 0 0 0 0 0 0 0 0 0 0 0 0 0 0 0 0 0 0 0 0 0 0 0 0 0 0 0 0 0 0 0 0 0 0 0 0 0 0 0 0 0 0 0 0 0 0 0 0 0 0 0 0 0 0 0 0 0 0 0 0 3.7184138 0 0 0 0 0 0 0 0 0 0 0 452.75762 0 0 0 0 0 0 0 0
"860" 0 0 0 0 0 0 0 0 0 0 0 0 0 0 0 0 0 0 0 0 0 0 0 0 0 0 0 0 0 0 0 0 0 0 0 0 0 0 0 0 0 0 0 0 0 0 0 0 0 0 0 0 0 0 0 0 0 0 0 0 0 0 0 0 0 0 0 0 0 0 0 0 0 0 0 0 0 0 0 0 0 0 0 0 0 0 0 0 0 0 0 0 0 0 0 0 0 0 0 0 0 0 0 0 0 0 0 0 0 0 0 0 0 0 0 0 0 0 0 0 0 0 0 0 0 0 0 0 0 0 0 0 0 0 0 0 0 0 0 0 0 0 0 0 0 0 0 0 0 0 0 0 0 0 0 0 0 0 0 0 0 0 0 0 0 0 0 0 0 0 0 0 0 0
"52" 0 347.42514 0 0 31.136104 0 0 0 0 0 72.581742 0 0 0 0 0 0 0 0 1176.32836 258.48132 0 0 0 0 0 55.842308 1006.51684 0 326.60132 0 0 313.33612 0 0 118.494126 0 0 0 294.09732 0 0 0 0 0 0 0 50.54126 0 0 0 0 163.670974 944.30872 377.45774 0 0 0 0 0 0 0 40.98534 62.316548 0 0 0 0 0 233.44212 0 0 0 0 0 159.799636 0 0 453.5393 0 0 0 0 245.43882 0 0 0 0 0 0 0 0 0 0 0 0 0 0 193.079132 0 0 0 0 0 0 0 0 0 0 0 0 0 0 0 182.776886 0 0 0 0 0 0 50.265678 0 0 0 0 0 0 0 0 767.77874 0 0 0 0 33.644416 0 0 0 0 0 0 0 18.3354626 0 0 0 0 0 0 0 0 292.30288 0 0 0 0 0 0 82.8564 0 0 0 0 0 0 555.36298 0 0 0 0 0 0 0
"616" 0 0 0 246.05394 0 0 0 0 0 0 0 0 0 16.4354916 0 0 0 0 0 0 0 0 0 0 0 0 0 2998.5354 0 0 0 0 0 0 0 0 0 0 0 0 0 0 0 0 0 432.20752 0 0 0 0 0 0 0 0 0 0 0 0 0 0 0 0 0 0 0 0 0 0 181.5307 590.33868 0 0 0 0 0 0 0 0 204.3721 0 0 0 0 457.31376 0 0 0 0 842.28186 0 0 0 0 0 0 0 0 0 0 0 0 0 0 0 0 0 0 0 0 0 0 0 0 0 0 0 0 0 0 0 0 0 0 0 0 0 0 0 0 0 0 0 540.87072 0 0 0 0 0 0 0 0 0 0 0 0 0 0 0 0 0 0 0 294.41614 0 0 0 0 0 2013.207 0 0 0 0 0 0 0 0 0 0 0 0 0 0 0
"640" 32.97686 0 0 6506.0478 0 0 1088.2965 0 0 0 0 0 0 2057.4556 0 588.68458 0 0 0 0 0 0 0 0 0 0 0 50032.648 0 0 0 0 0 0 0 0 0 0 0 0 0 0 0 0 0 2868.9448 0 0 0 0 0 0 0 0 0 0 0 0 0 0 0 0 0 0 0 0 0 0 4086.9418 13797.1494 0 0 537.08826 0 5762.5234 0 0 252.13674 6399.83 2472.535 0 131.295532 225.61968 15096.6368 392.48926 0 279.91976 0 0 196.355712 0 0 0 0 0 0 0 0 0 0 0 0 0 0 0 0 0 0 0 2321.9856 0 0 0 0 0 0 0 179.314208 202.7286 871.09162 0 0 227.973 0 0 0 0 0 789.10394 0 0 0 4686.2876 0 0 586.05622 0 0 0 0 0 0 0 0 0 0 0 0 0 230.99796 0 0 2553.596 321.8945 1246.65246 0 0 0 0 4022.5102 0 0 0 0 0 1561.4132 0 4019.7888 0 0 10.650816 0 0 0
"713" 0 0 0 0 0 0 12483.627 0 0 0 0 0 0 191.582108 0 0 0 0 0 0 0 0 0 0 0 0 0 0 0 0 0 0 0 0 0 0 0 0 0 0 0 0 0 0 0 0 0 0 0 0 0 17.0727272 0 0 0 0 0 0 0 0 0 0 0 0 0 0 0 0 12850.207 4230.0332 0 0 0 0 0 0 0 0 79979.61 0 0 0 85.854546 30154.794 0 0 0 0 0 78.341286 0 0 0 0 0 0 0 0 0 0 0 0 188.289094 0 0 0 0 0 0 15224.2754 0 0 0 0 0 0 0 1691.03002 0 959.5418 0 0 4892.6802 1380.21998 0 0 0 0 0 0 0 0 0 0 0 32300.614 0 0 0 0 0 0 0 0 0 0 0 0 0 0 0 0 7943.7232 0 0 0 0 0 0 0 0 0 0 0 0 0 0 4611.3286 0 0 0 0 0 0
"510" 0 0 0 1108.07862 0 0 0 0 0 0 0 0 0 0 0 803.19146 0 0 0 0 0 0 0 0 0 0 0 8771.0878 0 0 0 0 0 0 0 0 0 0 0 0 0 0 0 0 0 0 0 0 0 0 0 0 0 0 0 0 0 0 0 0 0 0 0 0 0 0 0 0 445.47888 7612.2646 0 0 0 0 0 0 0 0 666.76208 0 0 0 0 732.7575 0 0 0 0 0 0 0 0 0 0 0 0 0 0 0 0 0 0 0 0 0 0 0 0 0 728.21766 0 0 0 0 0 0 0 0 1329.42884 0 0 0 0 0 0 0 0 0 0 0 0 0 539.60546 0 0 204.45976 0 0 0 0 0 0 0 0 0 0 0 0 0 0 0 0 314.66714 0 0 0 0 0 334.01108 240.5194 0 0 0 0 0 0 0 0 0 0 0 1087.61438 145.804886 0
"500" 0 0 0 1352.62012 0 0 0 0 0 0 0 0 0 0 0 0 0 0 0 0 0 0 0 0 0 0 0 1207.47352 0 0 0 0 0 0 0 0 0 0 0 0 0 0 0 0 0 0 0 0 0 0 0 0 0 0 0 0 0 0 0 0 0 0 0 0 0 0 0 0 0 1211.68628 0 0 0 0 0 0 0 0 412.68374 0 1735.45324 0 0 0 0 0 0 0 0 0 0 0 0 0 0 0 0 0 0 0 0 0 0 0 0 0 0 0 0 0 0 0 0 0 0 0 0 0 0 0 0 0 0 0 0 0 0 0 0 0 0 8.2451372 303.47684 0 0 0 0 0 0 0 0 0 0 0 0 0 0 0 0 0 0 0 0 0 0 0 0 0 0 0 158.882812 0 0 0 0 0 0 0 0 0 0 367.97632 0 0
"369" 0 0 0 133.225312 0 26.552548 277.79096 0 87.437928 0 0 0 0 136.031082 0 0 0 7942.2226 0 0 0 0 0 0 0 0 0 10852.252 169.351882 0 0 0 0 0 0 0 0 0 0 0 0 469.5991 0 38.576752 0 182.176284 0 0 0 2.8678802 638.3695 0 0 0 0 307.3287 210.91036 212.11876 0 0 0 0 0 0 0 0 0 0 545.24592 1312.75134 0 105.300492 87.520042 0 651.26654 0 0 52.221676 1225.11364 751.59014 16.7220536 8.6091318 0 956.57244 0 0 2.8269442 0 0.20383 0 0 0 0 0 70.92208 0 0 0 0 0 0 0 0 0 0 0 0 0 0 386.33978 0 0 15.8192902 0 0 1175.46888 0 0 0 201.43768 0 0 0 0 0 0 0 0 0 0 0 0 410.44944 0 0.54116798 83.64164 0 0 0 0 0 0 0 0 0 0 742.70764 0 0 16.441246 0 0 325.73624 0 49.156982 0 0 22.363984 2596.3146 394.2127 0 0 0 0 0 145.68518 0 580.24786 0 0 0 262.80636 0 0
"165" 0 222.7946 0 0 0 0 0 0 0 0 212.1757 0 0 0 0 0 0 0 0 0 0 0 0 0 0 627.06384 0 5655.1616 0 0 0 0 0 0 0 0 0 0 0 1125.57714 0 226.17232 0 0 0 5.4738354 0 676.53936 0 0 0 0 533.73542 0 366.71118 0 0 0 0 0 0 0 0 0 0 0 0 0 0 478.91266 0 0 0 0 34.54 448.72872 0 0 185.284896 0 0 0 0 561.7038 0 0 0 0 0 0 0 0 0 0 0 0 0 0 0 0 0 0 0 0 0 0 0 0 0 0 0 0 1192.135 0 263.76682 0 0 0 0 0 0 0 45.453506 0 0 0 110.304482 0 0 0 131.499298 0 0 0 0 0 0 0 0 0 0 0 0 0 0 0 0 0 0 0 0 0 0 0 0 0 0 42.335934 109.238236 246.653 0 0 0 0 0 0 0 0 0 0 0 0 0 0
"2" 125.848984 11439.6592 138.115646 5598.5952 8486.871 192.454224 21339.934 21500.188 2023.807 0 41809.476 10.8162938 0 10556.538 1210.39404 1930.31958 167.33789 262.91678 3868.3654 60673.128 102.21724 0 635.935 0 692125.18 62960.172 18982.0566 945050.44 2402.742 368.76544 308.82974 848.5279 36468.496 0 0 19015.2988 0 128.405808 8677.8232 246362.08 23.698912 15033.0898 9037.794 9257.753 21714.072 2820.969 0 28800.684 1125.02954 413.54648 9993.1162 367.49874 94298.196 1602.63892 108097.024 790.12104 542.66552 172.63173 0 0 509.866 2095.702 8434.3116 1002.72254 9286.3916 924.89008 1816.4375 10523.3886 38723.856 90456.468 67964.922 0 27419.136 596.94622 46101.254 84210.164 570.25512 2714.8782 267877.44 2888.8024 1131.56824 0 5687.6026 139211.39 22873.908 0 144.485734 166.747802 449.60232 5349.0904 722.01824 2187.7586 1511.0094 549.15606 1981.90808 0 431.17312 0 588314.94 334.00834 0 346.48252 186.834564 0 29.699934 199.873902 202.80892 802.46942 133.577118 60895.758 512.37092 0 7684.147 6208.644 41614.352 10718.3808 173.196686 7959.1744 1950.36022 7344.6376 800.68176 12158.666 20320.694 200.3541 10355.8642 0 6421.3994 392.44114 3313.5306 4211.3032 47383.75 0 94075.32 0 50.886044 32926.972 0 57.346104 4790.9282 0 0 0 0 905.09784 4198.603 1399.38122 20439.79 163.055068 0 0 4657.1562 18.2413578 54242.688 0 40.430824 0 11984.4248 1042.38696 14718.6162 81143.336 172.125442 91.773026 1868.0509 914.21746 0 28.125278 60438.21 61167.122 0 0 82.408234 16615.17 111.947624 129.864364
"704" 0 0 0 0 0 0 0 0 0 0 0 0 0 18.1059894 0 0 0 0 0 0 0 0 0 0 0 0 0 5971.6138 0 0 0 0 0 0 0 0 0 0 0 0 0 0 0 0 0 0 0 0 0 0 0 0 0 0 0 0 0 0 0 0 0 0 0 0 0 0 0 0 0 371.70542 0 0 0 0 0 0 0 0 369.81594 3059.8078 0 0 0 4471.4112 0 0 0 0 0 0 0 0 0 0 0 0 0 0 0 0 0 0 0 0 0 0 0 0 0 169.263932 0 0 0 0 0 0 0 0 0 0 0 0 0 0 0 0 0 0 0 0 0 0 0 0 0 0 0 0 0 0 0 0 0 0 0 0 0 0 0 0 0 0 0 0 0 0 0 0 0 0 0 0 0 0 0 0 0 0 0 0 0 0 0 0
"101" 0 0 0 0 4418.5732 0 0 439.27532 0 0 752.2724 0 0 0 0 0 0 219.23176 246.93722 10190.706 0 0 0 0 0 903.24224 1018.6029 12726.1084 0 0 0 0 0 0 0 0 0 0 0 1928.28002 0 0 0 0 1235.80604 0 0 1528.5857 0 0 0 0 1189.03382 0 674.73406 0 0 0 0 0 0 0 0 343.08896 0 0 0 0 0 523.09942 0 0 0 0 0 1845.91358 0 0 697.36822 0 0 0 0 518.94458 0 0 0 0 0 0 0 0 0 0 31.886146 0 0 0 0 0 0 0 0 0 0 0 0 0 0 45.855834 0 0 0.105352566 0 1165.45544 0 0 208.65328 0 0 0 1085.7323 0 0 175.837646 0 598.12322 0 0 0 2671.8164 0 0 0 0 147.63417 0 0 0 0 0 0 0 0 0 0 99.89914 0 0 8.2682266 0 0 0 0 0 0 0 0 106.839242 209.4972 0 0 0 805.73914 0 0 0 0 0 0 0 0 0 0
"816" 0 0 0 0 0 0 4115.6542 0 0 0 0 0 0 0 0 0 0 0 0 0 0 0 0 0 0 0 0 0 0 0 0 0 0 0 0 0 0 0 0 0 0 0 0 0 0 0 0 0 0 0 0 0 0 0 0 0 0 0 0 0 0 0 0 0 0 0 0 0 4994.7408 0 0 0 0 0 0 0 0 0 0 0 0 0 0 0 0 0 0 0 0 0 0 0 0 0 0 0 0 0 0 0 0 0 0 0 0 0 0 0 0 8386.6298 0 0 0 0 0 0 0 956.82336 0 0 0 0 1351.09742 0 0 0 0 0 0 0 0 0 0 0 0 13654.2032 0 0 0 0 0 0 0 0 0 0 0 0 0 0 0 0 0 0 0 0 0 0 0 0 0 0 0 0 0 0 0 0 0 0 0 0 0 0
"935" 0 0 0 0 0 0 0 0 0 0 0 0 0 0 0 0 0 0 0 0 0 0 0 0 0 0 0 0 0 0 0 0 0 0 0 0 0 0 0 0 0 0 0 0 0 0 0 0 0 0 0 0 0 0 0 0 0 0 0 0 0 0 0 0 0 0 0 0 0 0 0 0 0 0 0 0 0 0 0 0 0 0 0 0 0 0 0 0 0 0 0 0 0 0 0 0 0 0 0 0 0 0 0 0 0 0 0 0 0 0 0 0 0 0 0 0 0 0 0 0 0 0 0 0 0 0 0 0 0 0 0 0 0 0 0 0 0 0 0 0 0 0 0 0 0 0 0 0 0 0 0 0 0 0 0 0 0 0 0 0 0 0 0 0 0 0 0 0 0 0 0 0 0 0
"347" 0 0 0 0 0 0 0 0 0 0 0 0 0 0 0 0 0 0 0 0 0 0 0 0 0 0 0 0 0 0 0 0 0 0 0 0 0 0 0 0 0 0 0 0 0 0 0 0 0 0 0 0 0 0 0 0 0 0 0 0 0 0 0 0 0 0 0 0 0 0 0 0 0 0 0 0 0 0 0 0 0 0 0 0 0 0 0 0 0 0 0 0 0 0 0 0 0 0 0 0 0 0 0 0 0 0 0 0 0 0 0 0 0 0 0 0 0 0 0 0 0 0 0 0 0 0 0 0 0 0 0 0 0 0 0 0 0 0 0 0 0 0 0 0 0 288.1116 0 0 0 0 0 0 0 0 0 0 0 0 551.3313 0 0 0 0 0 0 0 0 0 0 0 0 0 0 0
"679" 0 0 0 4280.3116 0 0 629.90576 0 0 0 0 0 0 0 0 0 0 0 0 0 0 0 0 0 0 0 0 4858.7958 0 0 0 0 0 0 0 0 0 0 0 0 0 0 0 0 0 0 0 0 0 0 0 0 0 0 0 0 0 0 0 0 0 0 0 0 0 0 0 0 342.72848 2931.108 0 0 0 0 0 0 0 0 965.02656 0 0 0 0 708.49634 1508.15918 0 0 0 0 0 0 0 0 0 0 0 0 0 0 0 0 0 0 0 0 0 0 0 0 544.37982 0 0 0 0 0 0 0 0 546.0785 338.00458 0 0 0 0 0 0 0 0 0 0 0 0 0 0 0 218.77558 0 0 0 0 0 0 0 0 0 0 0 0 0 0 0 0 590.10736 0 0 0 0 0 0 197.601806 0 0 0 0 0 0 0 0 0 0 0 0 0 0
"560" 0 0 0 3193.72 0 0 2403.929 0 0 0 0 0 0 150.914628 0 195.881394 0 0 0 0 0 0 0 0 0 0 0 34650.042 0 0 0 0 0 0 0 0 0 0 0 0 0 0 0 17.8097458 0 133.75296 0 0 0 0 0 0 0 0 0 0 0 0 0 0 0 0 0 0 0 0 0 0 1859.62756 9991.4218 0 0 866.36132 0 639.89764 0 0 0 8315.4288 0 0 0 0 3406.4702 459.0734 0 0 0 0 0 561.65814 0 0 0 55.716656 0 279.49006 0 0 0 0 0 0 0 0 0 0 395.05866 0 2205.8428 1264.30932 0 0 0 0 0 0 380.25538 1118.55958 615.4574 0 0 287.73386 0 0 0 0 0 859.75036 0 0 0 15759.6436 0 0 4020.2158 0 0 0 0 0 0 0 0 0 0 0 2516.8886 0 0 0 0 5235.6552 0 0 0 0 0 1432.59766 2136.238 0 0 0 0 0 0 0 2342.4344 0 0 0 0 0 0
"551" 0 0 0 423.95908 0 0 0 0 0 0 0 0 0 0 0 0 0 0 0 0 0 0 0 0 0 0 0 1909.82654 0 0 0 0 0 0 0 0 0 0 0 0 0 0 0 0 0 0 0 0 0 0 0 0 0 0 0 0 0 0 0 0 0 0 0 0 0 0 0 0 0 843.5094 0 0 0 0 0 0 0 0 0 0 0 0 0 72.98079 288.12842 0 0 0 0 0 0 0 0 0 0 0 0 0 0 0 0 0 0 0 0 0 0 0 35.525036 0 112.321006 0 0 0 0 0 0 0 0 0 0 0 0 0 0 0 0 0 0 0 0 0 0 0 0 0 0 0 0 0 0 0 0 0 0 0 0 0 0 0 0 0 53.724484 0 0 0 0 0 0 0 0 0 0 0 0 0 0 0 0 0 0 5966.0044 0 246.92764
"552" 0 0 0 0 0 0 0 0 0 0 0 0 0 0 0 0 0 0 0 0 0 0 361.92794 0 0 0 0 948.80004 0 0 0 0 0 0 0 0 0 0 0 0 0 0 0 0 0 0 0 0 0 0 0 0 0 0 0 0 0 0 0 0 0 0 0 0 0 0 0 0 0 435.09592 0 0 0 0 0 0 0 0 0 0 0 0 0 0 239.99268 0 0 0 0 0 0 0 0 0 0 0 0 0 0 0 0 0 0 0 0 0 0 0 231.79198 0 0 0 0 0 0 0 0 0 0 0 0 0 0 0 0 0 0 0 0 0 0 0 0 0 0 0 0 0 0 0 0 0 0 0 0 0 0 0 0 0 0 0 0 0 0 0 0 0 0 0 0 0 0 0 0 0 0 0 0 0 0 5031.9692 0 0
